15504.0000 9120.0000 16.0000 15344.0000 7744.0000 16.0000
15568.0000 8848.0000 16.0000 15424.0000 7520.0000 16.0000
15568.0000 8848.0000 16.0000 15424.0000 7520.0000 16.0000
11104.0000 7168.0000 16.0000 10912.0000 5776.0000 16.0000
2528.0000 10464.0000 16.0000 2368.0000 9136.0000 16.0000
7520.0000 15520.0000 16.0000 7360.0000 14208.0000 16.0000
8240.0000 12112.0000 16.0000 8080.0000 10768.0000 16.0000
8224.0000 9520.0000 16.0000 8048.0000 8144.0000 16.0000
5696.0000 11104.0000 16.0000 5520.0000 9728.0000 16.0000
5696.0000 11104.0000 16.0000 5520.0000 9728.0000 16.0000
12240.0000 12688.0000 16.0000 12048.0000 11296.0000 16.0000
12240.0000 12688.0000 16.0000 12048.0000 11296.0000 16.0000
18208.0000 15696.0000 16.0000 18032.0000 14304.0000 16.0000
16208.0000 6736.0000 16.0000 16048.0000 5360.0000 16.0000
7296.0000 14768.0000 16.0000 7120.0000 13424.0000 16.0000
5376.0000 8576.0000 16.0000 5216.0000 7200.0000 16.0000
8704.0000 12560.0000 16.0000 8496.0000 11120.0000 16.0000
4800.0000 7920.0000 16.0000 4640.0000 6464.0000 16.0000
8304.0000 12208.0000 16.0000 8080.0000 10768.0000 16.0000
9920.0000 11680.0000 16.0000 9712.0000 10336.0000 16.0000
3728.0000 14768.0000 16.0000 3536.0000 13344.0000 16.0000
10848.0000 7840.0000 16.0000 10624.0000 6432.0000 16.0000
9840.0000 10640.0000 16.0000 9632.0000 9296.0000 16.0000
12016.0000 6032.0000 16.0000 11904.0000 4688.0000 16.0000
12736.0000 7152.0000 16.0000 12592.0000 5696.0000 16.0000
12832.0000 13136.0000 16.0000 12656.0000 11776.0000 16.0000
12832.0000 13136.0000 16.0000 12656.0000 11776.0000 16.0000
12896.0000 6848.0000 16.0000 12752.0000 5504.0000 16.0000
7584.0000 8416.0000 16.0000 7392.0000 7104.0000 16.0000
5936.0000 14768.0000 16.0000 5728.0000 13456.0000 16.0000
3680.0000 14544.0000 16.0000 3456.0000 13216.0000 16.0000
8160.0000 15856.0000 16.0000 7968.0000 14464.0000 16.0000
10928.0000 7088.0000 16.0000 10688.0000 5712.0000 16.0000
8544.0000 11712.0000 16.0000 8368.0000 10336.0000 16.0000
12272.0000 6208.0000 16.0000 12128.0000 4768.0000 16.0000
12272.0000 6208.0000 16.0000 12128.0000 4768.0000 16.0000
14112.0000 11296.0000 16.0000 13936.0000 9936.0000 16.0000
14112.0000 11296.0000 16.0000 13936.0000 9936.0000 16.0000
18864.0000 14592.0000 16.0000 18704.0000 13136.0000 16.0000
16064.0000 13040.0000 16.0000 15840.0000 11584.0000 16.0000
7664.0000 13152.0000 16.0000 7504.0000 11760.0000 16.0000
15904.0000 7936.0000 16.0000 15696.0000 6496.0000 16.0000
18080.0000 8768.0000 16.0000 17952.0000 7360.0000 16.0000
6848.0000 9456.0000 16.0000 6688.0000 8096.0000 16.0000
6848.0000 9456.0000 16.0000 6688.0000 8096.0000 16.0000
17936.0000 13920.0000 16.0000 17776.0000 12576.0000 16.0000
8384.0000 11920.0000 16.0000 8176.0000 10528.0000 16.0000
18192.0000 15728.0000 16.0000 18032.0000 14304.0000 16.0000
14976.0000 6336.0000 16.0000 14816.0000 4944.0000 16.0000
2400.0000 10720.0000 16.0000 2160.0000 9280.0000 16.0000
2400.0000 10720.0000 16.0000 2160.0000 9280.0000 16.0000
13936.0000 5728.0000 16.0000 13824.0000 4368.0000 16.0000
3888.0000 5856.0000 16.0000 3664.0000 4432.0000 16.0000
18496.0000 9200.0000 16.0000 18368.0000 7776.0000 16.0000
11440.0000 12960.0000 16.0000 11280.0000 11584.0000 16.0000
13152.0000 15712.0000 16.0000 12976.0000 14304.0000 16.0000
8880.0000 5808.0000 16.0000 8720.0000 4384.0000 16.0000
7504.0000 10272.0000 16.0000 7344.0000 8880.0000 16.0000
2832.0000 10624.0000 16.0000 2592.0000 9264.0000 16.0000
9776.0000 10976.0000 16.0000 9584.0000 9568.0000 16.0000
11440.0000 7888.0000 16.0000 11264.0000 6512.0000 16.0000
2976.0000 9872.0000 16.0000 2800.0000 8464.0000 16.0000
2976.0000 9872.0000 16.0000 2800.0000 8464.0000 16.0000
5184.0000 7616.0000 16.0000 4992.0000 6176.0000 16.0000
9248.0000 4960.0000 16.0000 9120.0000 3552.0000 16.0000
9248.0000 4960.0000 16.0000 9120.0000 3552.0000 16.0000
5872.0000 8016.0000 16.0000 5696.0000 6640.0000 16.0000
5888.0000 9968.0000 16.0000 5712.0000 8576.0000 16.0000
14848.0000 9888.0000 16.0000 14656.0000 8528.0000 16.0000
14848.0000 9888.0000 16.0000 14656.0000 8528.0000 16.0000
13344.0000 11872.0000 16.0000 13184.0000 10528.0000 16.0000
13216.0000 12016.0000 16.0000 13040.0000 10656.0000 16.0000
17872.0000 8224.0000 16.0000 17664.0000 6768.0000 16.0000
18272.0000 10656.0000 16.0000 18096.0000 9280.0000 16.0000
18272.0000 10656.0000 16.0000 18096.0000 9280.0000 16.0000
13104.0000 4048.0000 16.0000 12912.0000 2704.0000 16.0000
13104.0000 4048.0000 16.0000 12912.0000 2704.0000 16.0000
14768.0000 6048.0000 16.0000 14592.0000 4608.0000 16.0000
10960.0000 6576.0000 16.0000 10848.0000 5200.0000 16.0000
2944.0000 11968.0000 16.0000 2816.0000 10576.0000 16.0000
7552.0000 14832.0000 16.0000 7344.0000 13456.0000 16.0000
2128.0000 10784.0000 16.0000 2016.0000 9392.0000 16.0000
8304.0000 11488.0000 16.0000 8096.0000 10032.0000 16.0000
6272.0000 14048.0000 16.0000 6112.0000 12704.0000 16.0000
6432.0000 7840.0000 16.0000 6256.0000 6480.0000 16.0000
5216.0000 11232.0000 16.0000 5008.0000 9792.0000 16.0000
7536.0000 15280.0000 16.0000 7392.0000 13872.0000 16.0000
15536.0000 9104.0000 16.0000 15344.0000 7744.0000 16.0000
15536.0000 9104.0000 16.0000 15408.0000 7664.0000 16.0000
4784.0000 10976.0000 16.0000 4624.0000 9536.0000 16.0000
10144.0000 11616.0000 16.0000 9952.0000 10272.0000 16.0000
10144.0000 11616.0000 16.0000 9952.0000 10272.0000 16.0000
18848.0000 13280.0000 16.0000 18688.0000 11856.0000 16.0000
5824.0000 7952.0000 16.0000 5648.0000 6592.0000 16.0000
7616.0000 14912.0000 16.0000 7488.0000 13504.0000 16.0000
8464.0000 5312.0000 16.0000 8320.0000 3904.0000 16.0000
15296.0000 5456.0000 16.0000 15104.0000 4112.0000 16.0000
5024.0000 7888.0000 16.0000 4832.0000 6432.0000 16.0000
5568.0000 11248.0000 16.0000 5360.0000 9872.0000 16.0000
5568.0000 11248.0000 16.0000 5360.0000 9872.0000 16.0000
14640.0000 12656.0000 16.0000 14464.0000 11216.0000 16.0000
16880.0000 15696.0000 16.0000 16752.0000 14352.0000 16.0000
6880.0000 9488.0000 16.0000 6688.0000 8096.0000 16.0000
6880.0000 9488.0000 16.0000 6688.0000 8096.0000 16.0000
6368.0000 10592.0000 16.0000 6192.0000 9232.0000 16.0000
14592.0000 7296.0000 16.0000 14416.0000 5904.0000 16.0000
14592.0000 7296.0000 16.0000 14416.0000 5904.0000 16.0000
14800.0000 8096.0000 16.0000 14624.0000 6768.0000 16.0000
6976.0000 9776.0000 16.0000 6800.0000 8400.0000 16.0000
3136.0000 11792.0000 16.0000 2912.0000 10400.0000 16.0000
14640.0000 12544.0000 16.0000 14464.0000 11216.0000 16.0000
14640.0000 12544.0000 16.0000 14464.0000 11216.0000 16.0000
13408.0000 11808.0000 16.0000 13248.0000 10448.0000 16.0000
12960.0000 12624.0000 16.0000 12832.0000 11184.0000 16.0000
12960.0000 12624.0000 16.0000 12832.0000 11184.0000 16.0000
17136.0000 15168.0000 16.0000 16992.0000 13792.0000 16.0000
17744.0000 15536.0000 16.0000 17552.0000 14096.0000 16.0000
16288.0000 15664.0000 16.0000 16112.0000 14272.0000 16.0000
6096.0000 7520.0000 16.0000 5984.0000 6176.0000 16.0000
6096.0000 7520.0000 16.0000 5984.0000 6176.0000 16.0000
9552.0000 11040.0000 16.0000 9360.0000 9648.0000 16.0000
19264.0000 13088.0000 16.0000 19104.0000 11696.0000 16.0000
19264.0000 13088.0000 16.0000 19104.0000 11696.0000 16.0000
15248.0000 15680.0000 16.0000 15008.0000 14272.0000 16.0000
11680.0000 7264.0000 16.0000 11456.0000 5904.0000 16.0000
8640.0000 9248.0000 16.0000 8512.0000 7920.0000 16.0000
9520.0000 10992.0000 16.0000 9360.0000 9648.0000 16.0000
12192.0000 12160.0000 16.0000 12032.0000 10752.0000 16.0000
12192.0000 12160.0000 16.0000 12032.0000 10752.0000 16.0000
6160.0000 14672.0000 16.0000 5952.0000 13360.0000 16.0000
17616.0000 15312.0000 16.0000 17424.0000 13904.0000 16.0000
8576.0000 16288.0000 16.0000 8416.0000 14928.0000 16.0000
11904.0000 2976.0000 16.0000 11744.0000 1648.0000 16.0000
11904.0000 2976.0000 16.0000 11744.0000 1648.0000 16.0000
14784.0000 6016.0000 16.0000 14592.0000 4608.0000 16.0000
12096.0000 6336.0000 16.0000 11920.0000 4912.0000 16.0000
12336.0000 6896.0000 16.0000 12160.0000 5584.0000 16.0000
3936.0000 10688.0000 16.0000 3760.0000 9312.0000 16.0000
3024.0000 11936.0000 16.0000 2880.0000 10576.0000 16.0000
13008.0000 12800.0000 16.0000 12832.0000 11456.0000 16.0000
13008.0000 12800.0000 16.0000 12832.0000 11456.0000 16.0000
12960.0000 12912.0000 16.0000 12784.0000 11552.0000 16.0000
17936.0000 13312.0000 16.0000 17792.0000 11856.0000 16.0000
8672.0000 14288.0000 16.0000 8480.0000 12864.0000 16.0000
13040.0000 3696.0000 16.0000 12864.0000 2240.0000 16.0000
3888.0000 5760.0000 16.0000 3696.0000 4384.0000 16.0000
5792.0000 8416.0000 16.0000 5600.0000 6960.0000 16.0000
9936.0000 12336.0000 16.0000 9744.0000 10896.0000 16.0000
4240.0000 15168.0000 16.0000 4080.0000 13728.0000 16.0000
9600.0000 6016.0000 16.0000 9472.0000 4592.0000 16.0000
9600.0000 6016.0000 16.0000 9472.0000 4592.0000 16.0000
14784.0000 9328.0000 16.0000 14624.0000 7984.0000 16.0000
14784.0000 9328.0000 16.0000 14624.0000 7984.0000 16.0000
10736.0000 12080.0000 16.0000 10512.0000 10672.0000 16.0000
10736.0000 12080.0000 16.0000 10512.0000 10672.0000 16.0000
12992.0000 3856.0000 16.0000 12800.0000 2480.0000 16.0000
12992.0000 3856.0000 16.0000 12800.0000 2480.0000 16.0000
3504.0000 10928.0000 16.0000 3328.0000 9536.0000 16.0000
3504.0000 10928.0000 16.0000 3344.0000 9568.0000 16.0000
13792.0000 6512.0000 16.0000 13632.0000 5136.0000 16.0000
13792.0000 6512.0000 16.0000 13632.0000 5136.0000 16.0000
13712.0000 12400.0000 16.0000 13536.0000 11040.0000 16.0000
13712.0000 12400.0000 16.0000 13536.0000 11040.0000 16.0000
14256.0000 4928.0000 16.0000 14064.0000 3536.0000 16.0000
14848.0000 5904.0000 16.0000 14656.0000 4512.0000 16.0000
11504.0000 6720.0000 16.0000 11296.0000 5360.0000 16.0000
2832.0000 10704.0000 16.0000 2672.0000 9376.0000 16.0000
14128.0000 11264.0000 16.0000 13936.0000 9936.0000 16.0000
14128.0000 11264.0000 16.0000 13936.0000 9936.0000 16.0000
5920.0000 12016.0000 16.0000 5728.0000 10592.0000 16.0000
16656.0000 15216.0000 16.0000 16544.0000 13856.0000 16.0000
11872.0000 6864.0000 16.0000 11680.0000 5424.0000 16.0000
8496.0000 9472.0000 16.0000 8320.0000 8080.0000 16.0000
6288.0000 9792.0000 16.0000 6176.0000 8400.0000 16.0000
6288.0000 9792.0000 16.0000 6176.0000 8400.0000 16.0000
19248.0000 12976.0000 16.0000 19056.0000 11584.0000 16.0000
19248.0000 12976.0000 16.0000 19056.0000 11584.0000 16.0000
10496.0000 13472.0000 16.0000 10336.0000 12064.0000 16.0000
11904.0000 9328.0000 16.0000 11728.0000 7936.0000 16.0000
18304.0000 11888.0000 16.0000 18160.0000 10512.0000 16.0000
11696.0000 11984.0000 16.0000 11584.0000 10592.0000 16.0000
8848.0000 12208.0000 16.0000 8656.0000 10784.0000 16.0000
10992.0000 12752.0000 16.0000 10832.0000 11376.0000 16.0000
14320.0000 13792.0000 16.0000 14080.0000 12352.0000 16.0000
12992.0000 3760.0000 16.0000 12800.0000 2368.0000 16.0000
12992.0000 3760.0000 16.0000 12800.0000 2368.0000 16.0000
15376.0000 5360.0000 16.0000 15184.0000 3952.0000 16.0000
11472.0000 7568.0000 16.0000 11312.0000 6208.0000 16.0000
10016.0000 8544.0000 16.0000 9840.0000 7152.0000 16.0000
5840.0000 8912.0000 16.0000 5632.0000 7488.0000 16.0000
5840.0000 8912.0000 16.0000 5632.0000 7488.0000 16.0000
2656.0000 10224.0000 16.0000 2416.0000 8800.0000 16.0000
9856.0000 10816.0000 16.0000 9664.0000 9424.0000 16.0000
9520.0000 11632.0000 16.0000 9296.0000 10192.0000 16.0000
11264.0000 11776.0000 16.0000 11120.0000 10432.0000 16.0000
12928.0000 12960.0000 16.0000 12784.0000 11552.0000 16.0000
12928.0000 12960.0000 16.0000 12768.0000 11584.0000 16.0000
14912.0000 4992.0000 16.0000 14736.0000 3616.0000 16.0000
14912.0000 4992.0000 16.0000 14736.0000 3616.0000 16.0000
13536.0000 6128.0000 16.0000 13344.0000 4704.0000 16.0000
9872.0000 6832.0000 16.0000 9712.0000 5440.0000 16.0000
12272.0000 6992.0000 16.0000 12160.0000 5584.0000 16.0000
14816.0000 9728.0000 16.0000 14640.0000 8336.0000 16.0000
14816.0000 9728.0000 16.0000 14640.0000 8336.0000 16.0000
10064.0000 10752.0000 16.0000 9888.0000 9392.0000 16.0000
10064.0000 10752.0000 16.0000 9888.0000 9392.0000 16.0000
18224.0000 11616.0000 16.0000 18048.0000 10224.0000 16.0000
18224.0000 11616.0000 16.0000 18048.0000 10224.0000 16.0000
11424.0000 13008.0000 16.0000 11280.0000 11584.0000 16.0000
12784.0000 13184.0000 16.0000 12608.0000 11824.0000 16.0000
9792.0000 13856.0000 16.0000 9632.0000 12432.0000 16.0000
14368.0000 14544.0000 16.0000 14160.0000 13136.0000 16.0000
14368.0000 14544.0000 16.0000 14160.0000 13136.0000 16.0000
15216.0000 5744.0000 16.0000 15024.0000 4304.0000 16.0000
4608.0000 10384.0000 16.0000 4368.0000 9040.0000 16.0000
5760.0000 10976.0000 16.0000 5584.0000 9616.0000 16.0000
5760.0000 10976.0000 16.0000 5584.0000 9616.0000 16.0000
10224.0000 11008.0000 16.0000 10048.0000 9696.0000 16.0000
10192.0000 11248.0000 16.0000 9968.0000 9856.0000 16.0000
19056.0000 13008.0000 16.0000 18912.0000 11664.0000 16.0000
16064.0000 15472.0000 16.0000 15888.0000 14080.0000 16.0000
4048.0000 5808.0000 16.0000 3856.0000 4416.0000 16.0000
11136.0000 7152.0000 16.0000 10912.0000 5776.0000 16.0000
8672.0000 9008.0000 16.0000 8528.0000 7648.0000 16.0000
6112.0000 9760.0000 16.0000 5984.0000 8352.0000 16.0000
6896.0000 9904.0000 16.0000 6720.0000 8544.0000 16.0000
2256.0000 10896.0000 16.0000 2032.0000 9552.0000 16.0000
13936.0000 11392.0000 16.0000 13744.0000 10064.0000 16.0000
13936.0000 11392.0000 16.0000 13744.0000 10064.0000 16.0000
13024.0000 12528.0000 16.0000 12848.0000 11104.0000 16.0000
16528.0000 16176.0000 16.0000 16384.0000 14800.0000 16.0000
15056.0000 4688.0000 16.0000 14880.0000 3296.0000 16.0000
15056.0000 4688.0000 16.0000 14880.0000 3296.0000 16.0000
6064.0000 9616.0000 16.0000 5904.0000 8240.0000 16.0000
6064.0000 9616.0000 16.0000 5904.0000 8240.0000 16.0000
9200.0000 12144.0000 16.0000 9008.0000 10752.0000 16.0000
8736.0000 14624.0000 16.0000 8608.0000 13200.0000 16.0000
12816.0000 14800.0000 16.0000 12576.0000 13408.0000 16.0000
11440.0000 15504.0000 16.0000 11280.0000 14064.0000 16.0000
15152.0000 15968.0000 16.0000 14976.0000 14512.0000 16.0000
13040.0000 4224.0000 16.0000 12848.0000 2816.0000 16.0000
9328.0000 6032.0000 16.0000 9152.0000 4576.0000 16.0000
11088.0000 6624.0000 16.0000 10848.0000 5200.0000 16.0000
16368.0000 6864.0000 16.0000 16240.0000 5520.0000 16.0000
12736.0000 7024.0000 16.0000 12592.0000 5696.0000 16.0000
12736.0000 7024.0000 16.0000 12592.0000 5696.0000 16.0000
5968.0000 7792.0000 16.0000 5792.0000 6352.0000 16.0000
16992.0000 9216.0000 16.0000 16752.0000 7824.0000 16.0000
3376.0000 10032.0000 16.0000 3184.0000 8640.0000 16.0000
12896.0000 13008.0000 16.0000 12736.0000 11632.0000 16.0000
12864.0000 13056.0000 16.0000 12736.0000 11632.0000 16.0000
4000.0000 5968.0000 16.0000 3808.0000 4576.0000 16.0000
11712.0000 7024.0000 16.0000 11488.0000 5648.0000 16.0000
11712.0000 7024.0000 16.0000 11488.0000 5648.0000 16.0000
18256.0000 8480.0000 16.0000 18080.0000 7136.0000 16.0000
18256.0000 8480.0000 16.0000 18080.0000 7136.0000 16.0000
14816.0000 8592.0000 16.0000 14656.0000 7232.0000 16.0000
14816.0000 8592.0000 16.0000 14656.0000 7232.0000 16.0000
9472.0000 11184.0000 16.0000 9280.0000 9840.0000 16.0000
8976.0000 11728.0000 16.0000 8752.0000 10320.0000 16.0000
8976.0000 11728.0000 16.0000 8752.0000 10320.0000 16.0000
7968.0000 11792.0000 16.0000 7776.0000 10384.0000 16.0000
18400.0000 12064.0000 16.0000 18224.0000 10672.0000 16.0000
18400.0000 12064.0000 16.0000 18224.0000 10672.0000 16.0000
11232.0000 3712.0000 16.0000 11120.0000 2368.0000 16.0000
10304.0000 4576.0000 16.0000 10144.0000 3200.0000 16.0000
8352.0000 5440.0000 16.0000 8208.0000 4064.0000 16.0000
14560.0000 5600.0000 16.0000 14448.0000 4240.0000 16.0000
14480.0000 6992.0000 16.0000 14320.0000 5632.0000 16.0000
14480.0000 6992.0000 16.0000 14320.0000 5632.0000 16.0000
6080.0000 7296.0000 16.0000 5920.0000 5872.0000 16.0000
6080.0000 7296.0000 16.0000 5920.0000 5872.0000 16.0000
11536.0000 7616.0000 16.0000 11312.0000 6208.0000 16.0000
18080.0000 9088.0000 16.0000 17856.0000 7680.0000 16.0000
18080.0000 9088.0000 16.0000 17856.0000 7680.0000 16.0000
2224.0000 10528.0000 16.0000 2064.0000 9200.0000 16.0000
3600.0000 10768.0000 16.0000 3424.0000 9376.0000 16.0000
18720.0000 11584.0000 16.0000 18496.0000 10176.0000 16.0000
10800.0000 12272.0000 16.0000 10608.0000 10848.0000 16.0000
11856.0000 12384.0000 16.0000 11712.0000 10928.0000 16.0000
12768.0000 3760.0000 16.0000 12576.0000 2400.0000 16.0000
12736.0000 5136.0000 16.0000 12560.0000 3744.0000 16.0000
12736.0000 5136.0000 16.0000 12560.0000 3744.0000 16.0000
12288.0000 6960.0000 16.0000 12160.0000 5584.0000 16.0000
12288.0000 6960.0000 16.0000 12160.0000 5584.0000 16.0000
5632.0000 10736.0000 16.0000 5520.0000 9392.0000 16.0000
5632.0000 10736.0000 16.0000 5520.0000 9392.0000 16.0000
9520.0000 11744.0000 16.0000 9344.0000 10416.0000 16.0000
12320.0000 11888.0000 16.0000 12112.0000 10512.0000 16.0000
12320.0000 11888.0000 16.0000 12112.0000 10512.0000 16.0000
11712.0000 13248.0000 16.0000 11568.0000 11840.0000 16.0000
18480.0000 15104.0000 16.0000 18320.0000 13728.0000 16.0000
16256.0000 15376.0000 16.0000 16064.0000 13968.0000 16.0000
16480.0000 16128.0000 16.0000 16272.0000 14672.0000 16.0000
13840.0000 6592.0000 16.0000 13680.0000 5216.0000 16.0000
6128.0000 9728.0000 16.0000 5984.0000 8352.0000 16.0000
6128.0000 9728.0000 16.0000 5984.0000 8352.0000 16.0000
6080.0000 10224.0000 16.0000 5920.0000 8880.0000 16.0000
6080.0000 10224.0000 16.0000 5920.0000 8880.0000 16.0000
2256.0000 10544.0000 16.0000 2064.0000 9200.0000 16.0000
5584.0000 11008.0000 16.0000 5440.0000 9584.0000 16.0000
5584.0000 11008.0000 16.0000 5440.0000 9584.0000 16.0000
8656.0000 11040.0000 16.0000 8512.0000 9632.0000 16.0000
8656.0000 11040.0000 16.0000 8512.0000 9632.0000 16.0000
10112.0000 11392.0000 16.0000 9936.0000 9984.0000 16.0000
10112.0000 11488.0000 16.0000 9888.0000 10064.0000 16.0000
8496.0000 12112.0000 16.0000 8288.0000 10688.0000 16.0000
14384.0000 13440.0000 16.0000 14208.0000 12016.0000 16.0000
17328.0000 15792.0000 16.0000 17152.0000 14400.0000 16.0000
10688.0000 16528.0000 16.0000 10528.0000 15120.0000 16.0000
14016.0000 4816.0000 16.0000 13872.0000 3376.0000 16.0000
14016.0000 4816.0000 16.0000 13872.0000 3376.0000 16.0000
12640.0000 4992.0000 16.0000 12480.0000 3616.0000 16.0000
9312.0000 5104.0000 16.0000 9168.0000 3712.0000 16.0000
14752.0000 5424.0000 16.0000 14592.0000 4032.0000 16.0000
14752.0000 5424.0000 16.0000 14592.0000 4032.0000 16.0000
3600.0000 5760.0000 16.0000 3424.0000 4368.0000 16.0000
5776.0000 7712.0000 16.0000 5616.0000 6368.0000 16.0000
18192.0000 8368.0000 16.0000 18000.0000 6960.0000 16.0000
4352.0000 10864.0000 16.0000 4160.0000 9472.0000 16.0000
8336.0000 11680.0000 16.0000 8128.0000 10256.0000 16.0000
8352.0000 11792.0000 16.0000 8128.0000 10432.0000 16.0000
13696.0000 12432.0000 16.0000 13536.0000 11040.0000 16.0000
13696.0000 12432.0000 16.0000 13536.0000 11040.0000 16.0000
10144.0000 13680.0000 16.0000 9936.0000 12336.0000 16.0000
12992.0000 15296.0000 16.0000 12848.0000 13904.0000 16.0000
13056.0000 4192.0000 16.0000 12848.0000 2816.0000 16.0000
12768.0000 5504.0000 16.0000 12576.0000 4080.0000 16.0000
12768.0000 5504.0000 16.0000 12576.0000 4080.0000 16.0000
4032.0000 5920.0000 16.0000 3808.0000 4576.0000 16.0000
4032.0000 5920.0000 16.0000 3808.0000 4576.0000 16.0000
16192.0000 7312.0000 16.0000 16000.0000 5872.0000 16.0000
14816.0000 9856.0000 16.0000 14624.0000 8480.0000 16.0000
9088.0000 10784.0000 16.0000 8880.0000 9424.0000 16.0000
4112.0000 12528.0000 16.0000 4000.0000 11152.0000 16.0000
4352.0000 12736.0000 16.0000 4224.0000 11408.0000 16.0000
13120.0000 14656.0000 16.0000 12912.0000 13296.0000 16.0000
6752.0000 15328.0000 16.0000 6560.0000 13936.0000 16.0000
14608.0000 4928.0000 16.0000 14432.0000 3520.0000 16.0000
14608.0000 4928.0000 16.0000 14432.0000 3520.0000 16.0000
14912.0000 5136.0000 16.0000 14736.0000 3792.0000 16.0000
13664.0000 6704.0000 16.0000 13456.0000 5264.0000 16.0000
13664.0000 6704.0000 16.0000 13456.0000 5264.0000 16.0000
16000.0000 7088.0000 16.0000 15808.0000 5728.0000 16.0000
12832.0000 7680.0000 16.0000 12640.0000 6336.0000 16.0000
12832.0000 7680.0000 16.0000 12640.0000 6336.0000 16.0000
6000.0000 9232.0000 16.0000 5840.0000 7872.0000 16.0000
14064.0000 9504.0000 16.0000 13888.0000 8128.0000 16.0000
14064.0000 9504.0000 16.0000 13888.0000 8128.0000 16.0000
4544.0000 10416.0000 16.0000 4368.0000 9040.0000 16.0000
12112.0000 11792.0000 16.0000 12000.0000 10368.0000 16.0000
12112.0000 11792.0000 16.0000 12000.0000 10368.0000 16.0000
13072.0000 12288.0000 16.0000 12896.0000 10928.0000 16.0000
13920.0000 14224.0000 16.0000 13744.0000 12800.0000 16.0000
3888.0000 14928.0000 16.0000 3648.0000 13488.0000 16.0000
8368.0000 15424.0000 16.0000 8160.0000 13968.0000 16.0000
8368.0000 15424.0000 16.0000 8160.0000 13968.0000 16.0000
9616.0000 5040.0000 16.0000 9488.0000 3584.0000 16.0000
3776.0000 5808.0000 16.0000 3664.0000 4432.0000 16.0000
3776.0000 5808.0000 16.0000 3664.0000 4432.0000 16.0000
14576.0000 6736.0000 16.0000 14400.0000 5376.0000 16.0000
14576.0000 6736.0000 16.0000 14400.0000 5376.0000 16.0000
9984.0000 7744.0000 16.0000 9744.0000 6352.0000 16.0000
14368.0000 7936.0000 16.0000 14192.0000 6560.0000 16.0000
14368.0000 7936.0000 16.0000 14192.0000 6560.0000 16.0000
18064.0000 8800.0000 16.0000 17952.0000 7360.0000 16.0000
18080.0000 9200.0000 16.0000 17904.0000 7792.0000 16.0000
13696.0000 9808.0000 16.0000 13520.0000 8432.0000 16.0000
17248.0000 9936.0000 16.0000 17120.0000 8544.0000 16.0000
9632.0000 10368.0000 16.0000 9504.0000 8976.0000 16.0000
2192.0000 10592.0000 16.0000 2064.0000 9200.0000 16.0000
11776.0000 12000.0000 16.0000 11584.0000 10592.0000 16.0000
13024.0000 12368.0000 16.0000 12848.0000 10976.0000 16.0000
13024.0000 12368.0000 16.0000 12848.0000 10976.0000 16.0000
12800.0000 14848.0000 16.0000 12576.0000 13408.0000 16.0000
12448.0000 3408.0000 16.0000 12304.0000 2000.0000 16.0000
12448.0000 3408.0000 16.0000 12304.0000 2000.0000 16.0000
12928.0000 4256.0000 16.0000 12720.0000 2848.0000 16.0000
12928.0000 4256.0000 16.0000 12800.0000 2880.0000 16.0000
14672.0000 4896.0000 16.0000 14432.0000 3520.0000 16.0000
14896.0000 5168.0000 16.0000 14736.0000 3792.0000 16.0000
14896.0000 5168.0000 16.0000 14736.0000 3792.0000 16.0000
15168.0000 5728.0000 16.0000 15024.0000 4304.0000 16.0000
13712.0000 6368.0000 16.0000 13552.0000 4992.0000 16.0000
13712.0000 6368.0000 16.0000 13552.0000 4992.0000 16.0000
15904.0000 8064.0000 16.0000 15728.0000 6672.0000 16.0000
15904.0000 8064.0000 16.0000 15728.0000 6672.0000 16.0000
5264.0000 8192.0000 16.0000 5040.0000 6768.0000 16.0000
17904.0000 8720.0000 16.0000 17664.0000 7328.0000 16.0000
16976.0000 9360.0000 16.0000 16800.0000 7952.0000 16.0000
6208.0000 9680.0000 16.0000 6048.0000 8320.0000 16.0000
6208.0000 9680.0000 16.0000 6048.0000 8320.0000 16.0000
17648.0000 15360.0000 16.0000 17504.0000 14016.0000 16.0000
12720.0000 3712.0000 16.0000 12528.0000 2320.0000 16.0000
12720.0000 3712.0000 16.0000 12528.0000 2320.0000 16.0000
14944.0000 4784.0000 16.0000 14720.0000 3344.0000 16.0000
14944.0000 4784.0000 16.0000 14720.0000 3344.0000 16.0000
8960.0000 4912.0000 16.0000 8768.0000 3536.0000 16.0000
8960.0000 4912.0000 16.0000 8768.0000 3536.0000 16.0000
14464.0000 5344.0000 16.0000 14320.0000 3968.0000 16.0000
11968.0000 5872.0000 16.0000 11840.0000 4528.0000 16.0000
13616.0000 6624.0000 16.0000 13456.0000 5264.0000 16.0000
13616.0000 6624.0000 16.0000 13456.0000 5264.0000 16.0000
13712.0000 6800.0000 16.0000 13520.0000 5392.0000 16.0000
13712.0000 6800.0000 16.0000 13520.0000 5392.0000 16.0000
12688.0000 6944.0000 16.0000 12528.0000 5568.0000 16.0000
5616.0000 8624.0000 16.0000 5488.0000 7232.0000 16.0000
11936.0000 9328.0000 16.0000 11728.0000 7936.0000 16.0000
3792.0000 10992.0000 16.0000 3616.0000 9600.0000 16.0000
18368.0000 12048.0000 16.0000 18224.0000 10672.0000 16.0000
17600.0000 12496.0000 16.0000 17488.0000 11104.0000 16.0000
17600.0000 12496.0000 16.0000 17488.0000 11104.0000 16.0000
12560.0000 12816.0000 16.0000 12384.0000 11456.0000 16.0000
12560.0000 12816.0000 16.0000 12384.0000 11456.0000 16.0000
17568.0000 14832.0000 16.0000 17344.0000 13408.0000 16.0000
17632.0000 15584.0000 16.0000 17504.0000 14160.0000 16.0000
17632.0000 15584.0000 16.0000 17504.0000 14160.0000 16.0000
8128.0000 15792.0000 16.0000 7968.0000 14464.0000 16.0000
11152.0000 3232.0000 16.0000 11024.0000 1904.0000 16.0000
11152.0000 3232.0000 16.0000 11024.0000 1904.0000 16.0000
12768.0000 3376.0000 16.0000 12624.0000 2016.0000 16.0000
12704.0000 5088.0000 16.0000 12560.0000 3744.0000 16.0000
12704.0000 5088.0000 16.0000 12560.0000 3744.0000 16.0000
9744.0000 7824.0000 16.0000 9600.0000 6400.0000 16.0000
17344.0000 8384.0000 16.0000 17200.0000 7008.0000 16.0000
8272.0000 9392.0000 16.0000 8096.0000 8000.0000 16.0000
6208.0000 10048.0000 16.0000 6048.0000 8672.0000 16.0000
3504.0000 11008.0000 16.0000 3344.0000 9568.0000 16.0000
13104.0000 11584.0000 16.0000 12944.0000 10160.0000 16.0000
13104.0000 11584.0000 16.0000 12944.0000 10160.0000 16.0000
10160.0000 11664.0000 16.0000 9952.0000 10272.0000 16.0000
10160.0000 11664.0000 16.0000 9952.0000 10272.0000 16.0000
10848.0000 12352.0000 16.0000 10688.0000 10992.0000 16.0000
7392.0000 14624.0000 16.0000 7136.0000 13232.0000 16.0000
18592.0000 14912.0000 16.0000 18464.0000 13472.0000 16.0000
18592.0000 14912.0000 16.0000 18464.0000 13472.0000 16.0000
16688.0000 14928.0000 16.0000 16576.0000 13552.0000 16.0000
17024.0000 15936.0000 16.0000 16832.0000 14528.0000 16.0000
17024.0000 15936.0000 16.0000 16832.0000 14528.0000 16.0000
9600.0000 4960.0000 16.0000 9488.0000 3584.0000 16.0000
14720.0000 7776.0000 16.0000 14560.0000 6352.0000 16.0000
11392.0000 7792.0000 16.0000 11184.0000 6384.0000 16.0000
11392.0000 7792.0000 16.0000 11184.0000 6384.0000 16.0000
7872.0000 8208.0000 16.0000 7664.0000 6816.0000 16.0000
6608.0000 9056.0000 16.0000 6464.0000 7728.0000 16.0000
6608.0000 9056.0000 16.0000 6464.0000 7728.0000 16.0000
18672.0000 10048.0000 16.0000 18464.0000 8624.0000 16.0000
5840.0000 10464.0000 16.0000 5696.0000 9120.0000 16.0000
4064.0000 11568.0000 16.0000 3872.0000 10144.0000 16.0000
4064.0000 11568.0000 16.0000 3872.0000 10144.0000 16.0000
8448.0000 11600.0000 16.0000 8272.0000 10240.0000 16.0000
13040.0000 11664.0000 16.0000 12864.0000 10288.0000 16.0000
13040.0000 11664.0000 16.0000 12864.0000 10288.0000 16.0000
8848.0000 12160.0000 16.0000 8656.0000 10784.0000 16.0000
9600.0000 13440.0000 16.0000 9424.0000 12080.0000 16.0000
17360.0000 13952.0000 16.0000 17168.0000 12624.0000 16.0000
17360.0000 13952.0000 16.0000 17168.0000 12624.0000 16.0000
13728.0000 14320.0000 16.0000 13616.0000 12928.0000 16.0000
13728.0000 14320.0000 16.0000 13616.0000 12928.0000 16.0000
5968.0000 14848.0000 16.0000 5728.0000 13456.0000 16.0000
5968.0000 14848.0000 16.0000 5728.0000 13456.0000 16.0000
18096.0000 14912.0000 16.0000 17952.0000 13552.0000 16.0000
18096.0000 14912.0000 16.0000 17952.0000 13552.0000 16.0000
4384.0000 14992.0000 16.0000 4224.0000 13568.0000 16.0000
16528.0000 15424.0000 16.0000 16336.0000 14016.0000 16.0000
14976.0000 16480.0000 16.0000 14832.0000 15136.0000 16.0000
13024.0000 3920.0000 16.0000 12800.0000 2480.0000 16.0000
13024.0000 3920.0000 16.0000 12800.0000 2480.0000 16.0000
14496.0000 4704.0000 16.0000 14336.0000 3280.0000 16.0000
14496.0000 4704.0000 16.0000 14336.0000 3280.0000 16.0000
15760.0000 5632.0000 16.0000 15552.0000 4272.0000 16.0000
15760.0000 5632.0000 16.0000 15552.0000 4272.0000 16.0000
14880.0000 5824.0000 16.0000 14672.0000 4448.0000 16.0000
14880.0000 5824.0000 16.0000 14672.0000 4448.0000 16.0000
16928.0000 6592.0000 16.0000 16768.0000 5184.0000 16.0000
5056.0000 7840.0000 16.0000 4832.0000 6432.0000 16.0000
6416.0000 7904.0000 16.0000 6256.0000 6480.0000 16.0000
18128.0000 8432.0000 16.0000 17936.0000 7008.0000 16.0000
5616.0000 9392.0000 16.0000 5408.0000 7968.0000 16.0000
14096.0000 10944.0000 16.0000 13920.0000 9584.0000 16.0000
10176.0000 11312.0000 16.0000 9968.0000 9856.0000 16.0000
10176.0000 11312.0000 16.0000 9968.0000 9856.0000 16.0000
10416.0000 11904.0000 16.0000 10224.0000 10496.0000 16.0000
10416.0000 11904.0000 16.0000 10224.0000 10496.0000 16.0000
10880.0000 12016.0000 16.0000 10688.0000 10608.0000 16.0000
10880.0000 12016.0000 16.0000 10688.0000 10608.0000 16.0000
13728.0000 12176.0000 16.0000 13520.0000 10848.0000 16.0000
13728.0000 12176.0000 16.0000 13520.0000 10848.0000 16.0000
11840.0000 13216.0000 16.0000 11664.0000 11872.0000 16.0000
11840.0000 13216.0000 16.0000 11664.0000 11872.0000 16.0000
10352.0000 13616.0000 16.0000 10240.0000 12208.0000 16.0000
14320.0000 14640.0000 16.0000 14144.0000 13216.0000 16.0000
16464.0000 15392.0000 16.0000 16336.0000 13952.0000 16.0000
16464.0000 15392.0000 16.0000 16336.0000 14016.0000 16.0000
8624.0000 16192.0000 16.0000 8512.0000 14800.0000 16.0000
15248.0000 16512.0000 16.0000 15024.0000 15168.0000 16.0000
14960.0000 4352.0000 16.0000 14768.0000 2960.0000 16.0000
14960.0000 4352.0000 16.0000 14768.0000 2960.0000 16.0000
9632.0000 6000.0000 16.0000 9472.0000 4592.0000 16.0000
9632.0000 6000.0000 16.0000 9472.0000 4592.0000 16.0000
11936.0000 6288.0000 16.0000 11824.0000 4848.0000 16.0000
11936.0000 6288.0000 16.0000 11824.0000 4848.0000 16.0000
13760.0000 6448.0000 16.0000 13584.0000 5040.0000 16.0000
13760.0000 6448.0000 16.0000 13584.0000 5040.0000 16.0000
12000.0000 7008.0000 16.0000 11856.0000 5568.0000 16.0000
12000.0000 7008.0000 16.0000 11856.0000 5568.0000 16.0000
6096.0000 7600.0000 16.0000 5984.0000 6176.0000 16.0000
6096.0000 7600.0000 16.0000 5984.0000 6176.0000 16.0000
5600.0000 8320.0000 16.0000 5488.0000 6896.0000 16.0000
5600.0000 8320.0000 16.0000 5488.0000 6896.0000 16.0000
17808.0000 8352.0000 16.0000 17616.0000 6912.0000 16.0000
6832.0000 9232.0000 16.0000 6656.0000 7840.0000 16.0000
6832.0000 9232.0000 16.0000 6656.0000 7840.0000 16.0000
10048.0000 10704.0000 16.0000 9888.0000 9392.0000 16.0000
10048.0000 10704.0000 16.0000 9888.0000 9392.0000 16.0000
9280.0000 11536.0000 16.0000 9088.0000 10112.0000 16.0000
4560.0000 11856.0000 16.0000 4384.0000 10512.0000 16.0000
18784.0000 14688.0000 16.0000 18624.0000 13296.0000 16.0000
16704.0000 15200.0000 16.0000 16544.0000 13856.0000 16.0000
5792.0000 15248.0000 16.0000 5616.0000 13840.0000 16.0000
5792.0000 15248.0000 16.0000 5616.0000 13840.0000 16.0000
12752.0000 15408.0000 16.0000 12608.0000 14016.0000 16.0000
17568.0000 15712.0000 16.0000 17376.0000 14304.0000 16.0000
4608.0000 6192.0000 16.0000 4416.0000 4864.0000 16.0000
4608.0000 6192.0000 16.0000 4416.0000 4864.0000 16.0000
13040.0000 7056.0000 16.0000 12896.0000 5680.0000 16.0000
11360.0000 7184.0000 16.0000 11184.0000 5792.0000 16.0000
10128.0000 7632.0000 16.0000 9936.0000 6304.0000 16.0000
10128.0000 7632.0000 16.0000 9936.0000 6304.0000 16.0000
5040.0000 8032.0000 16.0000 4880.0000 6592.0000 16.0000
5616.0000 8080.0000 16.0000 5440.0000 6704.0000 16.0000
16992.0000 9504.0000 16.0000 16768.0000 8064.0000 16.0000
6176.0000 12080.0000 16.0000 5984.0000 10672.0000 16.0000
6176.0000 12080.0000 16.0000 5984.0000 10672.0000 16.0000
12304.0000 12128.0000 16.0000 12144.0000 10752.0000 16.0000
12304.0000 12128.0000 16.0000 12144.0000 10752.0000 16.0000
11792.0000 12624.0000 16.0000 11632.0000 11296.0000 16.0000
18464.0000 13232.0000 16.0000 18320.0000 11792.0000 16.0000
18464.0000 13232.0000 16.0000 18320.0000 11792.0000 16.0000
14576.0000 14272.0000 16.0000 14384.0000 12816.0000 16.0000
16496.0000 15408.0000 16.0000 16336.0000 13952.0000 16.0000
16496.0000 15408.0000 16.0000 16336.0000 14016.0000 16.0000
11184.0000 3680.0000 16.0000 11024.0000 2304.0000 16.0000
15632.0000 5520.0000 16.0000 15424.0000 4192.0000 16.0000
15632.0000 5520.0000 16.0000 15424.0000 4192.0000 16.0000
3904.0000 5808.0000 16.0000 3664.0000 4432.0000 16.0000
3904.0000 5808.0000 16.0000 3664.0000 4432.0000 16.0000
4576.0000 6048.0000 16.0000 4432.0000 4688.0000 16.0000
15072.0000 6080.0000 16.0000 14912.0000 4672.0000 16.0000
11584.0000 6176.0000 16.0000 11408.0000 4864.0000 16.0000
11120.0000 7952.0000 16.0000 10896.0000 6592.0000 16.0000
5168.0000 8000.0000 16.0000 4960.0000 6624.0000 16.0000
18000.0000 9008.0000 16.0000 17856.0000 7680.0000 16.0000
9312.0000 11920.0000 16.0000 9072.0000 10528.0000 16.0000
12032.0000 12160.0000 16.0000 11824.0000 10832.0000 16.0000
12032.0000 12160.0000 16.0000 11824.0000 10832.0000 16.0000
12928.0000 12576.0000 16.0000 12832.0000 11184.0000 16.0000
12928.0000 12576.0000 16.0000 12832.0000 11184.0000 16.0000
3696.0000 14720.0000 16.0000 3536.0000 13344.0000 16.0000
13120.0000 14944.0000 16.0000 12928.0000 13536.0000 16.0000
13120.0000 14944.0000 16.0000 12928.0000 13536.0000 16.0000
15504.0000 15328.0000 16.0000 15280.0000 13920.0000 16.0000
15504.0000 15328.0000 16.0000 15280.0000 13920.0000 16.0000
5408.0000 15360.0000 16.0000 5248.0000 14032.0000 16.0000
12352.0000 3344.0000 16.0000 12208.0000 1984.0000 16.0000
12352.0000 3344.0000 16.0000 12208.0000 1984.0000 16.0000
10672.0000 4768.0000 16.0000 10448.0000 3328.0000 16.0000
13696.0000 5232.0000 16.0000 13520.0000 3840.0000 16.0000
13696.0000 5232.0000 16.0000 13520.0000 3840.0000 16.0000
6048.0000 8560.0000 16.0000 5872.0000 7104.0000 16.0000
6048.0000 8560.0000 16.0000 5872.0000 7104.0000 16.0000
6304.0000 9216.0000 16.0000 6144.0000 7872.0000 16.0000
6304.0000 9216.0000 16.0000 6144.0000 7872.0000 16.0000
3856.0000 11456.0000 16.0000 3664.0000 10048.0000 16.0000
3856.0000 11456.0000 16.0000 3664.0000 10048.0000 16.0000
13040.0000 11696.0000 16.0000 12864.0000 10288.0000 16.0000
13040.0000 11696.0000 16.0000 12864.0000 10288.0000 16.0000
13440.0000 11792.0000 16.0000 13248.0000 10448.0000 16.0000
10784.0000 11808.0000 16.0000 10576.0000 10400.0000 16.0000
10784.0000 11808.0000 16.0000 10576.0000 10400.0000 16.0000
13664.0000 12240.0000 16.0000 13520.0000 10848.0000 16.0000
13664.0000 12240.0000 16.0000 13520.0000 10848.0000 16.0000
8448.0000 12400.0000 16.0000 8208.0000 11008.0000 16.0000
10128.0000 12416.0000 16.0000 9936.0000 10976.0000 16.0000
10128.0000 12416.0000 16.0000 9936.0000 10976.0000 16.0000
7936.0000 14528.0000 16.0000 7744.0000 13136.0000 16.0000
7936.0000 14528.0000 16.0000 7744.0000 13136.0000 16.0000
17360.0000 15744.0000 16.0000 17152.0000 14400.0000 16.0000
10656.0000 3360.0000 16.0000 10528.0000 2000.0000 16.0000
10656.0000 3360.0000 16.0000 10528.0000 2000.0000 16.0000
11616.0000 3776.0000 16.0000 11488.0000 2432.0000 16.0000
11616.0000 3776.0000 16.0000 11488.0000 2432.0000 16.0000
13104.0000 4080.0000 16.0000 12912.0000 2704.0000 16.0000
13952.0000 5584.0000 16.0000 13760.0000 4208.0000 16.0000
11600.0000 6976.0000 16.0000 11392.0000 5552.0000 16.0000
11376.0000 7760.0000 16.0000 11184.0000 6384.0000 16.0000
15936.0000 8112.0000 16.0000 15728.0000 6672.0000 16.0000
2976.0000 10368.0000 16.0000 2752.0000 9024.0000 16.0000
8608.0000 10816.0000 16.0000 8416.0000 9456.0000 16.0000
8448.0000 11248.0000 16.0000 8272.0000 9792.0000 16.0000
13920.0000 11424.0000 16.0000 13744.0000 10064.0000 16.0000
13920.0000 11424.0000 16.0000 13744.0000 10064.0000 16.0000
4304.0000 11808.0000 16.0000 4144.0000 10464.0000 16.0000
4304.0000 11808.0000 16.0000 4144.0000 10464.0000 16.0000
10848.0000 11888.0000 16.0000 10672.0000 10432.0000 16.0000
13680.0000 12464.0000 16.0000 13536.0000 11040.0000 16.0000
13680.0000 12464.0000 16.0000 13536.0000 11040.0000 16.0000
13344.0000 13008.0000 16.0000 13184.0000 11632.0000 16.0000
17760.0000 14384.0000 16.0000 17600.0000 13008.0000 16.0000
17760.0000 14384.0000 16.0000 17600.0000 13008.0000 16.0000
8032.0000 15056.0000 16.0000 7824.0000 13664.0000 16.0000
12784.0000 15424.0000 16.0000 12608.0000 14016.0000 16.0000
17744.0000 15488.0000 16.0000 17552.0000 14096.0000 16.0000
17744.0000 15488.0000 16.0000 17552.0000 14096.0000 16.0000
17744.0000 15488.0000 16.0000 17552.0000 14096.0000 16.0000
12896.0000 4224.0000 16.0000 12720.0000 2848.0000 16.0000
10720.0000 4624.0000 16.0000 10560.0000 3280.0000 16.0000
13680.0000 5184.0000 16.0000 13520.0000 3840.0000 16.0000
13776.0000 5536.0000 16.0000 13632.0000 4160.0000 16.0000
13600.0000 6592.0000 16.0000 13456.0000 5264.0000 16.0000
13600.0000 6592.0000 16.0000 13456.0000 5264.0000 16.0000
12144.0000 7152.0000 16.0000 11968.0000 5792.0000 16.0000
5824.0000 8640.0000 16.0000 5632.0000 7200.0000 16.0000
14128.0000 8944.0000 16.0000 13936.0000 7552.0000 16.0000
14128.0000 8944.0000 16.0000 13936.0000 7552.0000 16.0000
7808.0000 10320.0000 16.0000 7648.0000 8928.0000 16.0000
8304.0000 10848.0000 16.0000 8112.0000 9536.0000 16.0000
8704.0000 11056.0000 16.0000 8512.0000 9632.0000 16.0000
8752.0000 11792.0000 16.0000 8528.0000 10352.0000 16.0000
8976.0000 12032.0000 16.0000 8784.0000 10608.0000 16.0000
8976.0000 12032.0000 16.0000 8784.0000 10608.0000 16.0000
12128.0000 12352.0000 16.0000 12016.0000 11008.0000 16.0000
12128.0000 12352.0000 16.0000 12016.0000 11008.0000 16.0000
4176.0000 12512.0000 16.0000 4000.0000 11152.0000 16.0000
5600.0000 12752.0000 16.0000 5424.0000 11424.0000 16.0000
19104.0000 13440.0000 16.0000 18944.0000 12048.0000 16.0000
8624.0000 14576.0000 16.0000 8480.0000 13120.0000 16.0000
8032.0000 15088.0000 16.0000 7824.0000 13664.0000 16.0000
8128.0000 15856.0000 16.0000 7968.0000 14464.0000 16.0000
12752.0000 5168.0000 16.0000 12560.0000 3744.0000 16.0000
14880.0000 5856.0000 16.0000 14672.0000 4448.0000 16.0000
14880.0000 5856.0000 16.0000 14672.0000 4448.0000 16.0000
3776.0000 10128.0000 16.0000 3584.0000 8736.0000 16.0000
2352.0000 10736.0000 16.0000 2160.0000 9280.0000 16.0000
18880.0000 11312.0000 16.0000 18688.0000 9904.0000 16.0000
18880.0000 11312.0000 16.0000 18688.0000 9904.0000 16.0000
18912.0000 11344.0000 16.0000 18688.0000 9904.0000 16.0000
17600.0000 12048.0000 16.0000 17440.0000 10576.0000 16.0000
17600.0000 12048.0000 16.0000 17440.0000 10576.0000 16.0000
12048.0000 12256.0000 16.0000 11824.0000 10832.0000 16.0000
11312.0000 12448.0000 16.0000 11136.0000 11056.0000 16.0000
7760.0000 12608.0000 16.0000 7568.0000 11200.0000 16.0000
7760.0000 12608.0000 16.0000 7568.0000 11200.0000 16.0000
9568.0000 13424.0000 16.0000 9424.0000 12080.0000 16.0000
5696.0000 14544.0000 16.0000 5472.0000 13120.0000 16.0000
7488.0000 15536.0000 16.0000 7360.0000 14208.0000 16.0000
12432.0000 3520.0000 16.0000 12256.0000 2112.0000 16.0000
12432.0000 3520.0000 16.0000 12256.0000 2112.0000 16.0000
9440.0000 4704.0000 16.0000 9296.0000 3328.0000 16.0000
13104.0000 5648.0000 16.0000 12976.0000 4304.0000 16.0000
13104.0000 5648.0000 16.0000 12976.0000 4304.0000 16.0000
14048.0000 5792.0000 16.0000 13888.0000 4432.0000 16.0000
14048.0000 5792.0000 16.0000 13888.0000 4432.0000 16.0000
4032.0000 6288.0000 16.0000 3856.0000 4912.0000 16.0000
12656.0000 6672.0000 16.0000 12496.0000 5264.0000 16.0000
13648.0000 6672.0000 16.0000 13456.0000 5264.0000 16.0000
13648.0000 6672.0000 16.0000 13456.0000 5264.0000 16.0000
12704.0000 7136.0000 16.0000 12592.0000 5696.0000 16.0000
10288.0000 7328.0000 16.0000 10096.0000 5936.0000 16.0000
12688.0000 7568.0000 16.0000 12560.0000 6192.0000 16.0000
10784.0000 7904.0000 16.0000 10560.0000 6528.0000 16.0000
10784.0000 7904.0000 16.0000 10560.0000 6528.0000 16.0000
7568.0000 8496.0000 16.0000 7392.0000 7104.0000 16.0000
6208.0000 8848.0000 16.0000 6032.0000 7488.0000 16.0000
6208.0000 8848.0000 16.0000 6032.0000 7488.0000 16.0000
15520.0000 9072.0000 16.0000 15408.0000 7664.0000 16.0000
2832.0000 10112.0000 16.0000 2608.0000 8704.0000 16.0000
3872.0000 10608.0000 16.0000 3696.0000 9232.0000 16.0000
3888.0000 11344.0000 16.0000 3696.0000 9952.0000 16.0000
3888.0000 11344.0000 16.0000 3696.0000 9952.0000 16.0000
10752.0000 11392.0000 16.0000 10528.0000 9968.0000 16.0000
12576.0000 11968.0000 16.0000 12400.0000 10608.0000 16.0000
12576.0000 11968.0000 16.0000 12400.0000 10608.0000 16.0000
13616.0000 13904.0000 16.0000 13424.0000 12496.0000 16.0000
13616.0000 13904.0000 16.0000 13424.0000 12496.0000 16.0000
13760.0000 14064.0000 16.0000 13552.0000 12656.0000 16.0000
13760.0000 14064.0000 16.0000 13552.0000 12656.0000 16.0000
5696.0000 14080.0000 16.0000 5472.0000 12720.0000 16.0000
6880.0000 14576.0000 16.0000 6768.0000 13184.0000 16.0000
12912.0000 14880.0000 16.0000 12784.0000 13488.0000 16.0000
12912.0000 14880.0000 16.0000 12784.0000 13488.0000 16.0000
3856.0000 5808.0000 16.0000 3664.0000 4432.0000 16.0000
3856.0000 5808.0000 16.0000 3664.0000 4432.0000 16.0000
12688.0000 6976.0000 16.0000 12528.0000 5568.0000 16.0000
6640.0000 7360.0000 16.0000 6432.0000 6000.0000 16.0000
14784.0000 8032.0000 16.0000 14624.0000 6672.0000 16.0000
14784.0000 8032.0000 16.0000 14624.0000 6672.0000 16.0000
17712.0000 8032.0000 16.0000 17536.0000 6688.0000 16.0000
15568.0000 9024.0000 16.0000 15408.0000 7664.0000 16.0000
6416.0000 9376.0000 16.0000 6224.0000 7984.0000 16.0000
6416.0000 9376.0000 16.0000 6224.0000 7984.0000 16.0000
14800.0000 9392.0000 16.0000 14624.0000 7984.0000 16.0000
14800.0000 9392.0000 16.0000 14624.0000 7984.0000 16.0000
6848.0000 9984.0000 16.0000 6672.0000 8656.0000 16.0000
10896.0000 11840.0000 16.0000 10672.0000 10432.0000 16.0000
10896.0000 11840.0000 16.0000 10672.0000 10432.0000 16.0000
13104.0000 12224.0000 16.0000 12960.0000 10832.0000 16.0000
11712.0000 13456.0000 16.0000 11536.0000 12112.0000 16.0000
9200.0000 14592.0000 16.0000 9056.0000 13216.0000 16.0000
18160.0000 14960.0000 16.0000 18016.0000 13520.0000 16.0000
18160.0000 14960.0000 16.0000 17952.0000 13552.0000 16.0000
15344.0000 15408.0000 16.0000 15152.0000 14000.0000 16.0000
17696.0000 15424.0000 16.0000 17504.0000 14016.0000 16.0000
14960.0000 16384.0000 16.0000 14768.0000 15008.0000 16.0000
12096.0000 5808.0000 16.0000 11920.0000 4368.0000 16.0000
3808.0000 6224.0000 16.0000 3616.0000 4816.0000 16.0000
11824.0000 6576.0000 16.0000 11648.0000 5232.0000 16.0000
6240.0000 8864.0000 16.0000 6032.0000 7488.0000 16.0000
6240.0000 8864.0000 16.0000 6032.0000 7488.0000 16.0000
5808.0000 8880.0000 16.0000 5632.0000 7488.0000 16.0000
5808.0000 8880.0000 16.0000 5632.0000 7488.0000 16.0000
6400.0000 10048.0000 16.0000 6208.0000 8656.0000 16.0000
2928.0000 10448.0000 16.0000 2752.0000 9024.0000 16.0000
3888.0000 10640.0000 16.0000 3696.0000 9232.0000 16.0000
3888.0000 10640.0000 16.0000 3760.0000 9312.0000 16.0000
18896.0000 11424.0000 16.0000 18688.0000 10064.0000 16.0000
18896.0000 11424.0000 16.0000 18688.0000 10064.0000 16.0000
13536.0000 11456.0000 16.0000 13344.0000 10112.0000 16.0000
13536.0000 11456.0000 16.0000 13344.0000 10112.0000 16.0000
13776.0000 11536.0000 16.0000 13600.0000 10160.0000 16.0000
13776.0000 11536.0000 16.0000 13600.0000 10160.0000 16.0000
10480.0000 11568.0000 16.0000 10240.0000 10176.0000 16.0000
10480.0000 11568.0000 16.0000 10240.0000 10176.0000 16.0000
4864.0000 11664.0000 16.0000 4752.0000 10288.0000 16.0000
10608.0000 11792.0000 16.0000 10368.0000 10384.0000 16.0000
10608.0000 11792.0000 16.0000 10368.0000 10384.0000 16.0000
12176.0000 12336.0000 16.0000 12016.0000 11008.0000 16.0000
12176.0000 12336.0000 16.0000 12016.0000 11008.0000 16.0000
10112.0000 12352.0000 16.0000 9936.0000 10976.0000 16.0000
10112.0000 12352.0000 16.0000 9936.0000 10976.0000 16.0000
18880.0000 12496.0000 16.0000 18672.0000 11104.0000 16.0000
18880.0000 12496.0000 16.0000 18672.0000 11104.0000 16.0000
19328.0000 12864.0000 16.0000 19168.0000 11472.0000 16.0000
18896.0000 12944.0000 16.0000 18704.0000 11584.0000 16.0000
18896.0000 12944.0000 16.0000 18704.0000 11584.0000 16.0000
18896.0000 12944.0000 16.0000 18704.0000 11584.0000 16.0000
13312.0000 13024.0000 16.0000 13184.0000 11632.0000 16.0000
3680.0000 14608.0000 16.0000 3456.0000 13216.0000 16.0000
3680.0000 14608.0000 16.0000 3456.0000 13216.0000 16.0000
15184.0000 16320.0000 16.0000 14992.0000 14912.0000 16.0000
11360.0000 3808.0000 16.0000 11216.0000 2448.0000 16.0000
11360.0000 3808.0000 16.0000 11216.0000 2448.0000 16.0000
14608.0000 4976.0000 16.0000 14432.0000 3520.0000 16.0000
14608.0000 4976.0000 16.0000 14432.0000 3520.0000 16.0000
14624.0000 5152.0000 16.0000 14448.0000 3744.0000 16.0000
14624.0000 5152.0000 16.0000 14448.0000 3744.0000 16.0000
15440.0000 6080.0000 16.0000 15312.0000 4624.0000 16.0000
4064.0000 6320.0000 16.0000 3856.0000 4912.0000 16.0000
18048.0000 8000.0000 16.0000 17920.0000 6592.0000 16.0000
17712.0000 8080.0000 16.0000 17536.0000 6688.0000 16.0000
6064.0000 8160.0000 16.0000 5872.0000 6768.0000 16.0000
16864.0000 8208.0000 16.0000 16704.0000 6832.0000 16.0000
6352.0000 8576.0000 16.0000 6176.0000 7152.0000 16.0000
6128.0000 8912.0000 16.0000 5952.0000 7536.0000 16.0000
6128.0000 8912.0000 16.0000 5952.0000 7536.0000 16.0000
15488.0000 9024.0000 16.0000 15344.0000 7648.0000 16.0000
6320.0000 9248.0000 16.0000 6144.0000 7872.0000 16.0000
6320.0000 9248.0000 16.0000 6144.0000 7872.0000 16.0000
6704.0000 9968.0000 16.0000 6528.0000 8624.0000 16.0000
6704.0000 9968.0000 16.0000 6528.0000 8624.0000 16.0000
9680.0000 10304.0000 16.0000 9504.0000 8976.0000 16.0000
6560.0000 10416.0000 16.0000 6368.0000 9072.0000 16.0000
6560.0000 10416.0000 16.0000 6368.0000 9072.0000 16.0000
9904.0000 10416.0000 16.0000 9664.0000 9056.0000 16.0000
16720.0000 10912.0000 16.0000 16592.0000 9456.0000 16.0000
11920.0000 12144.0000 16.0000 11728.0000 10768.0000 16.0000
6320.0000 12352.0000 16.0000 6128.0000 10960.0000 16.0000
11008.0000 12432.0000 16.0000 10880.0000 11024.0000 16.0000
6560.0000 12544.0000 16.0000 6368.0000 11120.0000 16.0000
12976.0000 12848.0000 16.0000 12832.0000 11456.0000 16.0000
13840.0000 14336.0000 16.0000 13616.0000 12928.0000 16.0000
13840.0000 14336.0000 16.0000 13616.0000 12928.0000 16.0000
5344.0000 14544.0000 16.0000 5168.0000 13136.0000 16.0000
5344.0000 14544.0000 16.0000 5168.0000 13136.0000 16.0000
18096.0000 14704.0000 16.0000 17920.0000 13248.0000 16.0000
14912.0000 16672.0000 16.0000 14752.0000 15312.0000 16.0000
9392.0000 4848.0000 16.0000 9296.0000 3456.0000 16.0000
9392.0000 4848.0000 16.0000 9296.0000 3456.0000 16.0000
13152.0000 4896.0000 16.0000 12960.0000 3472.0000 16.0000
13152.0000 4896.0000 16.0000 12960.0000 3472.0000 16.0000
14464.0000 5472.0000 16.0000 14320.0000 4112.0000 16.0000
15920.0000 5616.0000 16.0000 15744.0000 4224.0000 16.0000
11136.0000 7216.0000 16.0000 10912.0000 5776.0000 16.0000
6880.0000 9936.0000 16.0000 6720.0000 8544.0000 16.0000
6832.0000 10016.0000 16.0000 6672.0000 8656.0000 16.0000
6832.0000 10016.0000 16.0000 6672.0000 8656.0000 16.0000
5616.0000 11040.0000 16.0000 5440.0000 9584.0000 16.0000
5616.0000 11040.0000 16.0000 5440.0000 9584.0000 16.0000
10560.0000 12256.0000 16.0000 10368.0000 10864.0000 16.0000
4448.0000 12464.0000 16.0000 4256.0000 11088.0000 16.0000
13184.0000 12608.0000 16.0000 13024.0000 11216.0000 16.0000
13184.0000 12608.0000 16.0000 13024.0000 11216.0000 16.0000
11680.0000 13392.0000 16.0000 11536.0000 12016.0000 16.0000
11680.0000 13392.0000 16.0000 11536.0000 12016.0000 16.0000
14512.0000 13488.0000 16.0000 14336.0000 12112.0000 16.0000
10400.0000 13520.0000 16.0000 10240.0000 12208.0000 16.0000
3872.0000 14512.0000 16.0000 3680.0000 13104.0000 16.0000
3872.0000 14512.0000 16.0000 3680.0000 13104.0000 16.0000
13056.0000 14720.0000 16.0000 12912.0000 13296.0000 16.0000
15184.0000 16624.0000 16.0000 15024.0000 15168.0000 16.0000
9552.0000 4624.0000 16.0000 9376.0000 3248.0000 16.0000
10048.0000 4912.0000 16.0000 9888.0000 3536.0000 16.0000
14896.0000 5024.0000 16.0000 14736.0000 3616.0000 16.0000
14896.0000 5024.0000 16.0000 14736.0000 3616.0000 16.0000
14848.0000 5936.0000 16.0000 14656.0000 4512.0000 16.0000
8576.0000 5968.0000 16.0000 8368.0000 4528.0000 16.0000
12032.0000 6336.0000 16.0000 11920.0000 4912.0000 16.0000
12032.0000 6336.0000 16.0000 11920.0000 4912.0000 16.0000
13136.0000 8112.0000 16.0000 12944.0000 6752.0000 16.0000
6192.0000 8816.0000 16.0000 6032.0000 7488.0000 16.0000
6192.0000 8816.0000 16.0000 6032.0000 7488.0000 16.0000
15520.0000 9264.0000 16.0000 15312.0000 7936.0000 16.0000
18000.0000 9312.0000 16.0000 17856.0000 7952.0000 16.0000
10816.0000 11504.0000 16.0000 10592.0000 10064.0000 16.0000
5088.0000 11536.0000 16.0000 4848.0000 10112.0000 16.0000
4160.0000 11680.0000 16.0000 4000.0000 10320.0000 16.0000
4160.0000 11680.0000 16.0000 4000.0000 10320.0000 16.0000
13648.0000 11888.0000 16.0000 13536.0000 10448.0000 16.0000
13648.0000 11888.0000 16.0000 13536.0000 10448.0000 16.0000
8272.0000 12288.0000 16.0000 8128.0000 10880.0000 16.0000
12048.0000 12528.0000 16.0000 11888.0000 11200.0000 16.0000
12048.0000 12528.0000 16.0000 11888.0000 11200.0000 16.0000
16272.0000 13344.0000 16.0000 16080.0000 11952.0000 16.0000
9600.0000 13760.0000 16.0000 9376.0000 12320.0000 16.0000
9600.0000 13760.0000 16.0000 9376.0000 12320.0000 16.0000
5984.0000 14448.0000 16.0000 5808.0000 13088.0000 16.0000
5984.0000 14448.0000 16.0000 5808.0000 13088.0000 16.0000
16976.0000 15376.0000 16.0000 16832.0000 14032.0000 16.0000
12016.0000 3008.0000 16.0000 11840.0000 1632.0000 16.0000
12016.0000 3008.0000 16.0000 11840.0000 1632.0000 16.0000
12688.0000 4416.0000 16.0000 12496.0000 3008.0000 16.0000
12688.0000 4416.0000 16.0000 12496.0000 3008.0000 16.0000
9280.0000 4864.0000 16.0000 9088.0000 3488.0000 16.0000
9280.0000 4864.0000 16.0000 9088.0000 3488.0000 16.0000
3408.0000 7936.0000 16.0000 3264.0000 6544.0000 16.0000
3408.0000 7936.0000 16.0000 3264.0000 6544.0000 16.0000
5584.0000 8816.0000 16.0000 5376.0000 7408.0000 16.0000
17968.0000 8896.0000 16.0000 17792.0000 7504.0000 16.0000
8848.0000 10176.0000 16.0000 8672.0000 8736.0000 16.0000
7616.0000 10336.0000 16.0000 7376.0000 8928.0000 16.0000
5760.0000 11328.0000 16.0000 5568.0000 9888.0000 16.0000
5760.0000 11328.0000 16.0000 5568.0000 9888.0000 16.0000
8256.0000 11408.0000 16.0000 8096.0000 10032.0000 16.0000
8896.0000 12160.0000 16.0000 8656.0000 10784.0000 16.0000
13136.0000 13232.0000 16.0000 12976.0000 11840.0000 16.0000
11616.0000 13264.0000 16.0000 11488.0000 11872.0000 16.0000
11616.0000 13264.0000 16.0000 11488.0000 11872.0000 16.0000
9328.0000 14304.0000 16.0000 9104.0000 12880.0000 16.0000
6960.0000 14832.0000 16.0000 6832.0000 13472.0000 16.0000
18480.0000 15056.0000 16.0000 18320.0000 13648.0000 16.0000
5888.0000 15344.0000 16.0000 5712.0000 13936.0000 16.0000
5888.0000 15344.0000 16.0000 5712.0000 13936.0000 16.0000
11280.0000 16368.0000 16.0000 11072.0000 14976.0000 16.0000
13232.0000 4288.0000 16.0000 13056.0000 2912.0000 16.0000
12608.0000 5248.0000 16.0000 12432.0000 3872.0000 16.0000
11424.0000 5696.0000 16.0000 11248.0000 4288.0000 16.0000
11424.0000 5696.0000 16.0000 11248.0000 4288.0000 16.0000
15680.0000 5872.0000 16.0000 15488.0000 4416.0000 16.0000
4592.0000 5920.0000 16.0000 4368.0000 4496.0000 16.0000
6000.0000 7520.0000 16.0000 5840.0000 6064.0000 16.0000
14688.0000 8032.0000 16.0000 14512.0000 6656.0000 16.0000
14688.0000 8032.0000 16.0000 14512.0000 6656.0000 16.0000
16016.0000 8368.0000 16.0000 15776.0000 6944.0000 16.0000
7360.0000 8512.0000 16.0000 7152.0000 7152.0000 16.0000
5584.0000 8576.0000 16.0000 5376.0000 7168.0000 16.0000
7040.0000 9472.0000 16.0000 6880.0000 8128.0000 16.0000
7040.0000 9472.0000 16.0000 6880.0000 8128.0000 16.0000
7056.0000 9520.0000 16.0000 6880.0000 8128.0000 16.0000
7056.0000 9520.0000 16.0000 6880.0000 8128.0000 16.0000
12960.0000 11744.0000 16.0000 12800.0000 10352.0000 16.0000
12960.0000 11744.0000 16.0000 12800.0000 10352.0000 16.0000
12896.0000 11824.0000 16.0000 12736.0000 10432.0000 16.0000
12896.0000 11824.0000 16.0000 12736.0000 10432.0000 16.0000
17664.0000 12032.0000 16.0000 17440.0000 10576.0000 16.0000
8768.0000 12256.0000 16.0000 8592.0000 10880.0000 16.0000
12432.0000 12624.0000 16.0000 12224.0000 11168.0000 16.0000
12432.0000 12624.0000 16.0000 12224.0000 11168.0000 16.0000
8784.0000 14000.0000 16.0000 8672.0000 12592.0000 16.0000
8784.0000 14000.0000 16.0000 8672.0000 12592.0000 16.0000
6176.0000 14608.0000 16.0000 5968.0000 13248.0000 16.0000
5056.0000 14720.0000 16.0000 4864.0000 13280.0000 16.0000
3984.0000 15184.0000 16.0000 3792.0000 13728.0000 16.0000
12192.0000 3552.0000 16.0000 12000.0000 2160.0000 16.0000
12192.0000 3552.0000 16.0000 12000.0000 2160.0000 16.0000
12752.0000 5472.0000 16.0000 12576.0000 4080.0000 16.0000
12752.0000 5472.0000 16.0000 12576.0000 4080.0000 16.0000
15456.0000 6272.0000 16.0000 15280.0000 4896.0000 16.0000
15456.0000 6272.0000 16.0000 15280.0000 4896.0000 16.0000
15920.0000 6336.0000 16.0000 15760.0000 4944.0000 16.0000
10560.0000 7008.0000 16.0000 10352.0000 5632.0000 16.0000
16384.0000 7552.0000 16.0000 16192.0000 6144.0000 16.0000
10544.0000 8512.0000 16.0000 10352.0000 7152.0000 16.0000
15072.0000 8640.0000 16.0000 14896.0000 7280.0000 16.0000
15072.0000 8640.0000 16.0000 14896.0000 7280.0000 16.0000
6464.0000 9456.0000 16.0000 6304.0000 8096.0000 16.0000
6464.0000 9456.0000 16.0000 6304.0000 8096.0000 16.0000
17104.0000 10016.0000 16.0000 16928.0000 8576.0000 16.0000
3104.0000 10592.0000 16.0000 2944.0000 9232.0000 16.0000
3104.0000 10592.0000 16.0000 2944.0000 9232.0000 16.0000
6352.0000 11504.0000 16.0000 6208.0000 10112.0000 16.0000
13696.0000 11584.0000 16.0000 13520.0000 10224.0000 16.0000
13696.0000 11584.0000 16.0000 13520.0000 10224.0000 16.0000
8352.0000 11616.0000 16.0000 8128.0000 10256.0000 16.0000
12256.0000 11664.0000 16.0000 12112.0000 10288.0000 16.0000
13536.0000 11728.0000 16.0000 13360.0000 10368.0000 16.0000
13536.0000 11728.0000 16.0000 13360.0000 10368.0000 16.0000
9568.0000 11824.0000 16.0000 9344.0000 10416.0000 16.0000
11840.0000 11904.0000 16.0000 11648.0000 10512.0000 16.0000
11840.0000 11904.0000 16.0000 11648.0000 10512.0000 16.0000
12080.0000 12624.0000 16.0000 11888.0000 11200.0000 16.0000
11888.0000 13344.0000 16.0000 11696.0000 12000.0000 16.0000
11888.0000 13344.0000 16.0000 11696.0000 12000.0000 16.0000
12256.0000 13760.0000 16.0000 12032.0000 12416.0000 16.0000
12256.0000 13760.0000 16.0000 12032.0000 12416.0000 16.0000
12944.0000 14400.0000 16.0000 12768.0000 12992.0000 16.0000
17760.0000 14544.0000 16.0000 17536.0000 13088.0000 16.0000
16944.0000 15760.0000 16.0000 16800.0000 14416.0000 16.0000
11536.0000 16432.0000 16.0000 11344.0000 15056.0000 16.0000
12608.0000 4176.0000 16.0000 12416.0000 2784.0000 16.0000
12608.0000 4176.0000 16.0000 12416.0000 2784.0000 16.0000
11184.0000 4736.0000 16.0000 11072.0000 3312.0000 16.0000
13584.0000 5184.0000 16.0000 13456.0000 3824.0000 16.0000
12256.0000 6480.0000 16.0000 12160.0000 5072.0000 16.0000
16224.0000 7248.0000 16.0000 16000.0000 5872.0000 16.0000
14784.0000 7680.0000 16.0000 14624.0000 6288.0000 16.0000
14784.0000 7680.0000 16.0000 14624.0000 6288.0000 16.0000
5600.0000 8048.0000 16.0000 5440.0000 6704.0000 16.0000
10464.0000 8464.0000 16.0000 10288.0000 7072.0000 16.0000
6960.0000 9744.0000 16.0000 6800.0000 8400.0000 16.0000
9952.0000 11008.0000 16.0000 9712.0000 9664.0000 16.0000
8128.0000 11376.0000 16.0000 8016.0000 10016.0000 16.0000
13728.0000 11376.0000 16.0000 13568.0000 10000.0000 16.0000
8304.0000 11440.0000 16.0000 8096.0000 10032.0000 16.0000
9792.0000 11888.0000 16.0000 9600.0000 10576.0000 16.0000
12144.0000 12176.0000 16.0000 12032.0000 10752.0000 16.0000
12144.0000 12176.0000 16.0000 12032.0000 10752.0000 16.0000
8896.0000 12208.0000 16.0000 8656.0000 10784.0000 16.0000
10128.0000 12256.0000 16.0000 9952.0000 10800.0000 16.0000
9840.0000 12464.0000 16.0000 9632.0000 11136.0000 16.0000
11744.0000 13216.0000 16.0000 11568.0000 11840.0000 16.0000
11744.0000 13216.0000 16.0000 11568.0000 11840.0000 16.0000
17920.0000 13264.0000 16.0000 17792.0000 11856.0000 16.0000
7920.0000 14496.0000 16.0000 7744.0000 13136.0000 16.0000
12960.0000 14592.0000 16.0000 12816.0000 13264.0000 16.0000
17488.0000 14736.0000 16.0000 17376.0000 13312.0000 16.0000
16640.0000 15760.0000 16.0000 16416.0000 14368.0000 16.0000
8592.0000 16096.0000 16.0000 8432.0000 14736.0000 16.0000
11440.0000 16112.0000 16.0000 11312.0000 14752.0000 16.0000
11440.0000 16112.0000 16.0000 11312.0000 14752.0000 16.0000
12496.0000 4144.0000 16.0000 12304.0000 2752.0000 16.0000
3904.0000 5936.0000 16.0000 3712.0000 4560.0000 16.0000
14960.0000 6368.0000 16.0000 14816.0000 4944.0000 16.0000
6432.0000 7872.0000 16.0000 6256.0000 6480.0000 16.0000
4976.0000 8160.0000 16.0000 4832.0000 6832.0000 16.0000
18528.0000 9168.0000 16.0000 18368.0000 7776.0000 16.0000
18528.0000 9168.0000 16.0000 18368.0000 7776.0000 16.0000
3120.0000 9808.0000 16.0000 2896.0000 8384.0000 16.0000
3616.0000 10672.0000 16.0000 3440.0000 9296.0000 16.0000
9488.0000 11264.0000 16.0000 9280.0000 9840.0000 16.0000
9488.0000 11264.0000 16.0000 9280.0000 9840.0000 16.0000
