14472.0000 7160.0000 4.0000 14296.0000 5780.0000 4.0000
14472.0000 7160.0000 4.0000 14296.0000 5780.0000 4.0000
14684.0000 9708.0000 4.0000 14508.0000 8332.0000 4.0000
14684.0000 9708.0000 4.0000 14508.0000 8332.0000 4.0000
14704.0000 9512.0000 4.0000 14532.0000 8140.0000 4.0000
14704.0000 9512.0000 4.0000 14532.0000 8140.0000 4.0000
12036.0000 5400.0000 4.0000 11860.0000 4016.0000 4.0000
12036.0000 5400.0000 4.0000 11860.0000 4016.0000 4.0000
14372.0000 10556.0000 4.0000 14196.0000 9184.0000 4.0000
14372.0000 10556.0000 4.0000 14196.0000 9184.0000 4.0000
14432.0000 10396.0000 4.0000 14256.0000 9028.0000 4.0000
14432.0000 10396.0000 4.0000 14256.0000 9028.0000 4.0000
10836.0000 8752.0000 4.0000 10660.0000 7380.0000 4.0000
7076.0000 9548.0000 4.0000 6896.0000 8160.0000 4.0000
14684.0000 9600.0000 4.0000 14504.0000 8228.0000 4.0000
14396.0000 10628.0000 4.0000 14220.0000 9252.0000 4.0000
14396.0000 10628.0000 4.0000 14220.0000 9252.0000 4.0000
19088.0000 15400.0000 4.0000 18924.0000 14024.0000 4.0000
14236.0000 10692.0000 4.0000 14060.0000 9320.0000 4.0000
14236.0000 10692.0000 4.0000 14060.0000 9320.0000 4.0000
14680.0000 9688.0000 4.0000 14504.0000 8320.0000 4.0000
6108.0000 8764.0000 4.0000 5936.0000 7380.0000 4.0000
6108.0000 8764.0000 4.0000 5936.0000 7380.0000 4.0000
14188.0000 10440.0000 4.0000 14020.0000 9064.0000 4.0000
14188.0000 10440.0000 4.0000 14020.0000 9064.0000 4.0000
13668.0000 10444.0000 4.0000 13488.0000 9064.0000 4.0000
14384.0000 10648.0000 4.0000 14208.0000 9272.0000 4.0000
14384.0000 10648.0000 4.0000 14208.0000 9272.0000 4.0000
14432.0000 10416.0000 4.0000 14256.0000 9048.0000 4.0000
14432.0000 10416.0000 4.0000 14256.0000 9048.0000 4.0000
13704.0000 9824.0000 4.0000 13528.0000 8460.0000 4.0000
14296.0000 10580.0000 4.0000 14124.0000 9216.0000 4.0000
19764.0000 11176.0000 4.0000 19596.0000 9788.0000 4.0000
7216.0000 9624.0000 4.0000 7032.0000 8252.0000 4.0000
13772.0000 10740.0000 4.0000 13596.0000 9380.0000 4.0000
6108.0000 8744.0000 4.0000 5936.0000 7380.0000 4.0000
6108.0000 8744.0000 4.0000 5936.0000 7380.0000 4.0000
7368.0000 9244.0000 4.0000 7188.0000 7884.0000 4.0000
7368.0000 9244.0000 4.0000 7188.0000 7884.0000 4.0000
7368.0000 9260.0000 4.0000 7188.0000 7884.0000 4.0000
7368.0000 9260.0000 4.0000 7188.0000 7884.0000 4.0000
14772.0000 9816.0000 4.0000 14596.0000 8452.0000 4.0000
11068.0000 8824.0000 4.0000 10892.0000 7436.0000 4.0000
14188.0000 10696.0000 4.0000 14008.0000 9324.0000 4.0000
14616.0000 9512.0000 4.0000 14440.0000 8136.0000 4.0000
14616.0000 9512.0000 4.0000 14440.0000 8136.0000 4.0000
14768.0000 9548.0000 4.0000 14588.0000 8168.0000 4.0000
15312.0000 6320.0000 4.0000 15144.0000 4936.0000 4.0000
15312.0000 6320.0000 4.0000 15144.0000 4936.0000 4.0000
14536.0000 7176.0000 4.0000 14360.0000 5784.0000 4.0000
14536.0000 7176.0000 4.0000 14360.0000 5784.0000 4.0000
6748.0000 9644.0000 4.0000 6572.0000 8272.0000 4.0000
6748.0000 9644.0000 4.0000 6572.0000 8272.0000 4.0000
14256.0000 10752.0000 4.0000 14080.0000 9376.0000 4.0000
14256.0000 10752.0000 4.0000 14080.0000 9376.0000 4.0000
14140.0000 10384.0000 4.0000 13964.0000 9004.0000 4.0000
14576.0000 7880.0000 4.0000 14412.0000 6516.0000 4.0000
4612.0000 7884.0000 4.0000 4464.0000 6516.0000 4.0000
3768.0000 10740.0000 4.0000 3600.0000 9384.0000 4.0000
8688.0000 9528.0000 4.0000 8524.0000 8156.0000 4.0000
6060.0000 9980.0000 4.0000 5908.0000 8612.0000 4.0000
6876.0000 10240.0000 4.0000 6712.0000 8868.0000 4.0000
7612.0000 6080.0000 4.0000 7444.0000 4716.0000 4.0000
14680.0000 9564.0000 4.0000 14504.0000 8192.0000 4.0000
14680.0000 9564.0000 4.0000 14504.0000 8192.0000 4.0000
14024.0000 10616.0000 4.0000 13844.0000 9244.0000 4.0000
14024.0000 10616.0000 4.0000 13844.0000 9244.0000 4.0000
15268.0000 6460.0000 4.0000 15104.0000 5092.0000 4.0000
15268.0000 6460.0000 4.0000 15104.0000 5092.0000 4.0000
14540.0000 7924.0000 4.0000 14368.0000 6548.0000 4.0000
14540.0000 7924.0000 4.0000 14368.0000 6548.0000 4.0000
14160.0000 10624.0000 4.0000 13984.0000 9256.0000 4.0000
13824.0000 10368.0000 4.0000 13648.0000 9000.0000 4.0000
13824.0000 10368.0000 4.0000 13648.0000 9000.0000 4.0000
14276.0000 10668.0000 4.0000 14100.0000 9292.0000 4.0000
14276.0000 10668.0000 4.0000 14100.0000 9292.0000 4.0000
12704.0000 5064.0000 4.0000 12536.0000 3696.0000 4.0000
7212.0000 9532.0000 4.0000 7040.0000 8152.0000 4.0000
7212.0000 9532.0000 4.0000 7040.0000 8152.0000 4.0000
13628.0000 9960.0000 4.0000 13448.0000 8600.0000 4.0000
13540.0000 10620.0000 4.0000 13364.0000 9264.0000 4.0000
13540.0000 10620.0000 4.0000 13364.0000 9264.0000 4.0000
3776.0000 10756.0000 4.0000 3600.0000 9384.0000 4.0000
3776.0000 10756.0000 4.0000 3600.0000 9384.0000 4.0000
14316.0000 7248.0000 4.0000 14144.0000 5876.0000 4.0000
14316.0000 7248.0000 4.0000 14144.0000 5876.0000 4.0000
6872.0000 9484.0000 4.0000 6692.0000 8108.0000 4.0000
6872.0000 9484.0000 4.0000 6692.0000 8108.0000 4.0000
14772.0000 9524.0000 4.0000 14596.0000 8148.0000 4.0000
14772.0000 9524.0000 4.0000 14596.0000 8148.0000 4.0000
14512.0000 10324.0000 4.0000 14336.0000 8948.0000 4.0000
14512.0000 10324.0000 4.0000 14336.0000 8948.0000 4.0000
18640.0000 14464.0000 4.0000 18460.0000 13076.0000 4.0000
13624.0000 10476.0000 4.0000 13448.0000 9112.0000 4.0000
13884.0000 10716.0000 4.0000 13708.0000 9360.0000 4.0000
14528.0000 7116.0000 4.0000 14360.0000 5736.0000 4.0000
14528.0000 7116.0000 4.0000 14360.0000 5736.0000 4.0000
3892.0000 10640.0000 4.0000 3716.0000 9260.0000 4.0000
3892.0000 10640.0000 4.0000 3716.0000 9260.0000 4.0000
9284.0000 15544.0000 4.0000 9108.0000 14172.0000 4.0000
15456.0000 6100.0000 4.0000 15284.0000 4712.0000 4.0000
12948.0000 12624.0000 4.0000 12772.0000 11268.0000 4.0000
12948.0000 12624.0000 4.0000 12772.0000 11268.0000 4.0000
12524.0000 13544.0000 4.0000 12348.0000 12180.0000 4.0000
13824.0000 10272.0000 4.0000 13648.0000 8896.0000 4.0000
13824.0000 10272.0000 4.0000 13648.0000 8896.0000 4.0000
14364.0000 10596.0000 4.0000 14184.0000 9220.0000 4.0000
14364.0000 10596.0000 4.0000 14184.0000 9220.0000 4.0000
5548.0000 11912.0000 4.0000 5372.0000 10532.0000 4.0000
5548.0000 11912.0000 4.0000 5372.0000 10532.0000 4.0000
18424.0000 15188.0000 4.0000 18264.0000 13804.0000 4.0000
18424.0000 15188.0000 4.0000 18264.0000 13804.0000 4.0000
18204.0000 15680.0000 4.0000 18044.0000 14296.0000 4.0000
18204.0000 15680.0000 4.0000 18044.0000 14296.0000 4.0000
11440.0000 9328.0000 4.0000 11260.0000 7956.0000 4.0000
11440.0000 9328.0000 4.0000 11260.0000 7956.0000 4.0000
8388.0000 9540.0000 4.0000 8216.0000 8164.0000 4.0000
8388.0000 9540.0000 4.0000 8216.0000 8164.0000 4.0000
6756.0000 9656.0000 4.0000 6572.0000 8272.0000 4.0000
6756.0000 9656.0000 4.0000 6572.0000 8272.0000 4.0000
6032.0000 10304.0000 4.0000 5868.0000 8916.0000 4.0000
14268.0000 10436.0000 4.0000 14092.0000 9068.0000 4.0000
1780.0000 10580.0000 4.0000 1624.0000 9192.0000 4.0000
13548.0000 10544.0000 4.0000 13376.0000 9180.0000 4.0000
13548.0000 10544.0000 4.0000 13376.0000 9180.0000 4.0000
5728.0000 10684.0000 4.0000 5568.0000 9324.0000 4.0000
5728.0000 10684.0000 4.0000 5568.0000 9324.0000 4.0000
10496.0000 14560.0000 4.0000 10324.0000 13204.0000 4.0000
10496.0000 14560.0000 4.0000 10324.0000 13204.0000 4.0000
14368.0000 7328.0000 4.0000 14196.0000 5960.0000 4.0000
14368.0000 7328.0000 4.0000 14196.0000 5960.0000 4.0000
3848.0000 8056.0000 4.0000 3696.0000 6692.0000 4.0000
19492.0000 10848.0000 4.0000 19324.0000 9464.0000 4.0000
10624.0000 11164.0000 4.0000 10440.0000 9780.0000 4.0000
10624.0000 11164.0000 4.0000 10440.0000 9780.0000 4.0000
14216.0000 10468.0000 4.0000 14044.0000 9088.0000 4.0000
6480.0000 10788.0000 4.0000 6300.0000 9420.0000 4.0000
14260.0000 6248.0000 4.0000 14092.0000 4868.0000 4.0000
14572.0000 7996.0000 4.0000 14396.0000 6612.0000 4.0000
6084.0000 8112.0000 4.0000 5908.0000 6740.0000 4.0000
6812.0000 10040.0000 4.0000 6628.0000 8656.0000 4.0000
13776.0000 10756.0000 4.0000 13596.0000 9380.0000 4.0000
13776.0000 10756.0000 4.0000 13596.0000 9380.0000 4.0000
8716.0000 4132.0000 4.0000 8560.0000 2760.0000 4.0000
8716.0000 4132.0000 4.0000 8560.0000 2760.0000 4.0000
14388.0000 7228.0000 4.0000 14212.0000 5844.0000 4.0000
14676.0000 9556.0000 4.0000 14504.0000 8192.0000 4.0000
14676.0000 9556.0000 4.0000 14504.0000 8192.0000 4.0000
18212.0000 15744.0000 4.0000 18032.0000 14360.0000 4.0000
14500.0000 7496.0000 4.0000 14332.0000 6132.0000 4.0000
8696.0000 9556.0000 4.0000 8532.0000 8172.0000 4.0000
14808.0000 9708.0000 4.0000 14628.0000 8316.0000 4.0000
14808.0000 9708.0000 4.0000 14628.0000 8316.0000 4.0000
14268.0000 10484.0000 4.0000 14088.0000 9128.0000 4.0000
1784.0000 10572.0000 4.0000 1624.0000 9192.0000 4.0000
13540.0000 10632.0000 4.0000 13364.0000 9264.0000 4.0000
14840.0000 7964.0000 4.0000 14676.0000 6604.0000 4.0000
14840.0000 7964.0000 4.0000 14676.0000 6604.0000 4.0000
14688.0000 9632.0000 4.0000 14508.0000 8256.0000 4.0000
14688.0000 9632.0000 4.0000 14508.0000 8256.0000 4.0000
6700.0000 9964.0000 4.0000 6524.0000 8576.0000 4.0000
6700.0000 9964.0000 4.0000 6524.0000 8576.0000 4.0000
14500.0000 10484.0000 4.0000 14316.0000 9124.0000 4.0000
14500.0000 10484.0000 4.0000 14316.0000 9124.0000 4.0000
5732.0000 10808.0000 4.0000 5580.0000 9436.0000 4.0000
6976.0000 12616.0000 4.0000 6800.0000 11236.0000 4.0000
13556.0000 13984.0000 4.0000 13384.0000 12596.0000 4.0000
14436.0000 7620.0000 4.0000 14268.0000 6252.0000 4.0000
14436.0000 7620.0000 4.0000 14268.0000 6252.0000 4.0000
14940.0000 8976.0000 4.0000 14772.0000 7596.0000 4.0000
14940.0000 8976.0000 4.0000 14772.0000 7596.0000 4.0000
6296.0000 9188.0000 4.0000 6124.0000 7812.0000 4.0000
6296.0000 9188.0000 4.0000 6124.0000 7812.0000 4.0000
13768.0000 10352.0000 4.0000 13588.0000 8984.0000 4.0000
13768.0000 10352.0000 4.0000 13588.0000 8984.0000 4.0000
19500.0000 10836.0000 4.0000 19324.0000 9464.0000 4.0000
18192.0000 15708.0000 4.0000 18020.0000 14324.0000 4.0000
5740.0000 4512.0000 4.0000 5576.0000 3132.0000 4.0000
14820.0000 9672.0000 4.0000 14652.0000 8292.0000 4.0000
14820.0000 9672.0000 4.0000 14652.0000 8292.0000 4.0000
14764.0000 9864.0000 4.0000 14584.0000 8488.0000 4.0000
6844.0000 10296.0000 4.0000 6680.0000 8920.0000 4.0000
6844.0000 10296.0000 4.0000 6680.0000 8920.0000 4.0000
14204.0000 10596.0000 4.0000 14032.0000 9236.0000 4.0000
10844.0000 12272.0000 4.0000 10688.0000 10892.0000 4.0000
8444.0000 4220.0000 4.0000 8280.0000 2828.0000 4.0000
8444.0000 4220.0000 4.0000 8280.0000 2828.0000 4.0000
8444.0000 4244.0000 4.0000 8276.0000 2860.0000 4.0000
8444.0000 4244.0000 4.0000 8276.0000 2860.0000 4.0000
6036.0000 8488.0000 4.0000 5864.0000 7116.0000 4.0000
2904.0000 9808.0000 4.0000 2748.0000 8428.0000 4.0000
2904.0000 9808.0000 4.0000 2748.0000 8428.0000 4.0000
14516.0000 10356.0000 4.0000 14340.0000 8988.0000 4.0000
14516.0000 10356.0000 4.0000 14340.0000 8988.0000 4.0000
15452.0000 6404.0000 4.0000 15284.0000 5028.0000 4.0000
15452.0000 6404.0000 4.0000 15284.0000 5028.0000 4.0000
13636.0000 9800.0000 4.0000 13460.0000 8436.0000 4.0000
19528.0000 10948.0000 4.0000 19352.0000 9576.0000 4.0000
19528.0000 10948.0000 4.0000 19352.0000 9576.0000 4.0000
14308.0000 7224.0000 4.0000 14132.0000 5852.0000 4.0000
14308.0000 7224.0000 4.0000 14132.0000 5852.0000 4.0000
14444.0000 7520.0000 4.0000 14276.0000 6152.0000 4.0000
14736.0000 9616.0000 4.0000 14556.0000 8228.0000 4.0000
14736.0000 9616.0000 4.0000 14556.0000 8228.0000 4.0000
18628.0000 14888.0000 4.0000 18452.0000 13512.0000 4.0000
6152.0000 8704.0000 4.0000 5980.0000 7324.0000 4.0000
6152.0000 8704.0000 4.0000 5980.0000 7324.0000 4.0000
11068.0000 8808.0000 4.0000 10892.0000 7436.0000 4.0000
14704.0000 10120.0000 4.0000 14528.0000 8752.0000 4.0000
14704.0000 10120.0000 4.0000 14528.0000 8752.0000 4.0000
14296.0000 10604.0000 4.0000 14124.0000 9228.0000 4.0000
18584.0000 14940.0000 4.0000 18416.0000 13568.0000 4.0000
18584.0000 14940.0000 4.0000 18416.0000 13568.0000 4.0000
15524.0000 6452.0000 4.0000 15356.0000 5076.0000 4.0000
15272.0000 6484.0000 4.0000 15104.0000 5092.0000 4.0000
15272.0000 6484.0000 4.0000 15104.0000 5092.0000 4.0000
2892.0000 9648.0000 4.0000 2740.0000 8276.0000 4.0000
2892.0000 9648.0000 4.0000 2740.0000 8276.0000 4.0000
14304.0000 10516.0000 4.0000 14128.0000 9140.0000 4.0000
13636.0000 10552.0000 4.0000 13460.0000 9196.0000 4.0000
13636.0000 10552.0000 4.0000 13460.0000 9196.0000 4.0000
10892.0000 12292.0000 4.0000 10728.0000 10908.0000 4.0000
12960.0000 12684.0000 4.0000 12804.0000 11312.0000 4.0000
7884.0000 13272.0000 4.0000 7720.0000 11900.0000 4.0000
3152.0000 9132.0000 4.0000 2996.0000 7760.0000 4.0000
14832.0000 9828.0000 4.0000 14656.0000 8468.0000 4.0000
14832.0000 9828.0000 4.0000 14656.0000 8468.0000 4.0000
13844.0000 10312.0000 4.0000 13664.0000 8920.0000 4.0000
1780.0000 10636.0000 4.0000 1636.0000 9272.0000 4.0000
10496.0000 14580.0000 4.0000 10324.0000 13204.0000 4.0000
18600.0000 15900.0000 4.0000 18428.0000 14524.0000 4.0000
14764.0000 8332.0000 4.0000 14596.0000 6960.0000 4.0000
10848.0000 8792.0000 4.0000 10680.0000 7412.0000 4.0000
6956.0000 9540.0000 4.0000 6780.0000 8164.0000 4.0000
6956.0000 9540.0000 4.0000 6780.0000 8164.0000 4.0000
14736.0000 9608.0000 4.0000 14556.0000 8228.0000 4.0000
14232.0000 10516.0000 4.0000 14064.0000 9148.0000 4.0000
13032.0000 12404.0000 4.0000 12852.0000 11036.0000 4.0000
13032.0000 12404.0000 4.0000 12852.0000 11036.0000 4.0000
12892.0000 12736.0000 4.0000 12716.0000 11376.0000 4.0000
7920.0000 14704.0000 4.0000 7736.0000 13344.0000 4.0000
7920.0000 14704.0000 4.0000 7736.0000 13344.0000 4.0000
6840.0000 9456.0000 4.0000 6664.0000 8076.0000 4.0000
6852.0000 10172.0000 4.0000 6684.0000 8796.0000 4.0000
6852.0000 10172.0000 4.0000 6684.0000 8796.0000 4.0000
13932.0000 10464.0000 4.0000 13756.0000 9100.0000 4.0000
13932.0000 10464.0000 4.0000 13756.0000 9100.0000 4.0000
1756.0000 10508.0000 4.0000 1592.0000 9124.0000 4.0000
1756.0000 10508.0000 4.0000 1592.0000 9124.0000 4.0000
14304.0000 10700.0000 4.0000 14124.0000 9328.0000 4.0000
14304.0000 10700.0000 4.0000 14124.0000 9328.0000 4.0000
13108.0000 4548.0000 4.0000 12940.0000 3180.0000 4.0000
13108.0000 4548.0000 4.0000 12940.0000 3180.0000 4.0000
14732.0000 7476.0000 4.0000 14564.0000 6096.0000 4.0000
14732.0000 7476.0000 4.0000 14564.0000 6096.0000 4.0000
14704.0000 7596.0000 4.0000 14536.0000 6216.0000 4.0000
14812.0000 8580.0000 4.0000 14640.0000 7204.0000 4.0000
14812.0000 8580.0000 4.0000 14640.0000 7204.0000 4.0000
17628.0000 8792.0000 4.0000 17444.0000 7408.0000 4.0000
17628.0000 8792.0000 4.0000 17444.0000 7408.0000 4.0000
11312.0000 9180.0000 4.0000 11128.0000 7796.0000 4.0000
14636.0000 9644.0000 4.0000 14456.0000 8268.0000 4.0000
14636.0000 9644.0000 4.0000 14456.0000 8268.0000 4.0000
14336.0000 10468.0000 4.0000 14164.0000 9088.0000 4.0000
14336.0000 10468.0000 4.0000 14164.0000 9088.0000 4.0000
19520.0000 11044.0000 4.0000 19340.0000 9672.0000 4.0000
19520.0000 11044.0000 4.0000 19340.0000 9672.0000 4.0000
12980.0000 12344.0000 4.0000 12808.0000 10984.0000 4.0000
12980.0000 12344.0000 4.0000 12808.0000 10984.0000 4.0000
15480.0000 17260.0000 4.0000 15304.0000 15876.0000 4.0000
15480.0000 17260.0000 4.0000 15304.0000 15876.0000 4.0000
5708.0000 4448.0000 4.0000 5548.0000 3084.0000 4.0000
5708.0000 4448.0000 4.0000 5548.0000 3084.0000 4.0000
5728.0000 4520.0000 4.0000 5576.0000 3132.0000 4.0000
14516.0000 7712.0000 4.0000 14356.0000 6348.0000 4.0000
14516.0000 7712.0000 4.0000 14356.0000 6348.0000 4.0000
11088.0000 9044.0000 4.0000 10916.0000 7676.0000 4.0000
7388.0000 9144.0000 4.0000 7208.0000 7780.0000 4.0000
7344.0000 9300.0000 4.0000 7172.0000 7912.0000 4.0000
7344.0000 9300.0000 4.0000 7172.0000 7912.0000 4.0000
6600.0000 10104.0000 4.0000 6424.0000 8740.0000 4.0000
6040.0000 10300.0000 4.0000 5868.0000 8916.0000 4.0000
6848.0000 10312.0000 4.0000 6680.0000 8920.0000 4.0000
14336.0000 10568.0000 4.0000 14160.0000 9196.0000 4.0000
13588.0000 10652.0000 4.0000 13420.0000 9284.0000 4.0000
13588.0000 10652.0000 4.0000 13420.0000 9284.0000 4.0000
13760.0000 10704.0000 4.0000 13592.0000 9348.0000 4.0000
13760.0000 10704.0000 4.0000 13592.0000 9348.0000 4.0000
5576.0000 11964.0000 4.0000 5400.0000 10588.0000 4.0000
19624.0000 12200.0000 4.0000 19456.0000 10816.0000 4.0000
9800.0000 14040.0000 4.0000 9620.0000 12656.0000 4.0000
10740.0000 14368.0000 4.0000 10568.0000 13016.0000 4.0000
10740.0000 14368.0000 4.0000 10568.0000 13016.0000 4.0000
12480.0000 5160.0000 4.0000 12312.0000 3788.0000 4.0000
12480.0000 5160.0000 4.0000 12312.0000 3788.0000 4.0000
14484.0000 7472.0000 4.0000 14312.0000 6096.0000 4.0000
14484.0000 7472.0000 4.0000 14312.0000 6096.0000 4.0000
5880.0000 7736.0000 4.0000 5716.0000 6356.0000 4.0000
14580.0000 7888.0000 4.0000 14412.0000 6516.0000 4.0000
14580.0000 7888.0000 4.0000 14412.0000 6516.0000 4.0000
13708.0000 10360.0000 4.0000 13536.0000 8980.0000 4.0000
13708.0000 10360.0000 4.0000 13536.0000 8980.0000 4.0000
12980.0000 12692.0000 4.0000 12804.0000 11312.0000 4.0000
10560.0000 14536.0000 4.0000 10392.0000 13180.0000 4.0000
18876.0000 14540.0000 4.0000 18708.0000 13152.0000 4.0000
14452.0000 7248.0000 4.0000 14284.0000 5872.0000 4.0000
14524.0000 7900.0000 4.0000 14352.0000 6528.0000 4.0000
14524.0000 7900.0000 4.0000 14352.0000 6528.0000 4.0000
6148.0000 8696.0000 4.0000 5980.0000 7324.0000 4.0000
6148.0000 8696.0000 4.0000 5980.0000 7324.0000 4.0000
17700.0000 8808.0000 4.0000 17524.0000 7416.0000 4.0000
17700.0000 8808.0000 4.0000 17524.0000 7416.0000 4.0000
14776.0000 9576.0000 4.0000 14604.0000 8220.0000 4.0000
14776.0000 9576.0000 4.0000 14604.0000 8220.0000 4.0000
13816.0000 9728.0000 4.0000 13648.0000 8368.0000 4.0000
13816.0000 9728.0000 4.0000 13648.0000 8368.0000 4.0000
14424.0000 10292.0000 4.0000 14248.0000 8920.0000 4.0000
14340.0000 10456.0000 4.0000 14164.0000 9088.0000 4.0000
14340.0000 10456.0000 4.0000 14164.0000 9088.0000 4.0000
14308.0000 10552.0000 4.0000 14132.0000 9196.0000 4.0000
13948.0000 10588.0000 4.0000 13776.0000 9224.0000 4.0000
13948.0000 10588.0000 4.0000 13776.0000 9224.0000 4.0000
3804.0000 11384.0000 4.0000 3628.0000 9996.0000 4.0000
3804.0000 11384.0000 4.0000 3628.0000 9996.0000 4.0000
13008.0000 12512.0000 4.0000 12836.0000 11156.0000 4.0000
11260.0000 12904.0000 4.0000 11092.0000 11532.0000 4.0000
18764.0000 14056.0000 4.0000 18592.0000 12680.0000 4.0000
15548.0000 17172.0000 4.0000 15380.0000 15800.0000 4.0000
15548.0000 17172.0000 4.0000 15380.0000 15800.0000 4.0000
5860.0000 4428.0000 4.0000 5704.0000 3044.0000 4.0000
5860.0000 4428.0000 4.0000 5704.0000 3044.0000 4.0000
14508.0000 6860.0000 4.0000 14344.0000 5484.0000 4.0000
14508.0000 6860.0000 4.0000 14344.0000 5484.0000 4.0000
13236.0000 7332.0000 4.0000 13068.0000 5940.0000 4.0000
14160.0000 8656.0000 4.0000 13984.0000 7280.0000 4.0000
14160.0000 8656.0000 4.0000 13984.0000 7280.0000 4.0000
6088.0000 8684.0000 4.0000 5912.0000 7304.0000 4.0000
6088.0000 8684.0000 4.0000 5912.0000 7304.0000 4.0000
11352.0000 9332.0000 4.0000 11176.0000 7956.0000 4.0000
11352.0000 9332.0000 4.0000 11176.0000 7956.0000 4.0000
19152.0000 10440.0000 4.0000 18976.0000 9080.0000 4.0000
19152.0000 10440.0000 4.0000 18976.0000 9080.0000 4.0000
14476.0000 10976.0000 4.0000 14316.0000 9592.0000 4.0000
14476.0000 10976.0000 4.0000 14316.0000 9592.0000 4.0000
15560.0000 6408.0000 4.0000 15388.0000 5024.0000 4.0000
15560.0000 6408.0000 4.0000 15388.0000 5024.0000 4.0000
14768.0000 8312.0000 4.0000 14596.0000 6940.0000 4.0000
14768.0000 8312.0000 4.0000 14596.0000 6940.0000 4.0000
10464.0000 8396.0000 4.0000 10288.0000 7004.0000 4.0000
10464.0000 8396.0000 4.0000 10288.0000 7004.0000 4.0000
14764.0000 9776.0000 4.0000 14588.0000 8396.0000 4.0000
19276.0000 10296.0000 4.0000 19112.0000 8916.0000 4.0000
14276.0000 10356.0000 4.0000 14104.0000 8980.0000 4.0000
14276.0000 10356.0000 4.0000 14104.0000 8980.0000 4.0000
14516.0000 10364.0000 4.0000 14340.0000 8988.0000 4.0000
14516.0000 10364.0000 4.0000 14340.0000 8988.0000 4.0000
3884.0000 10628.0000 4.0000 3716.0000 9260.0000 4.0000
13740.0000 10764.0000 4.0000 13560.0000 9388.0000 4.0000
13740.0000 10764.0000 4.0000 13560.0000 9388.0000 4.0000
14484.0000 10964.0000 4.0000 14316.0000 9592.0000 4.0000
14484.0000 10964.0000 4.0000 14316.0000 9592.0000 4.0000
19560.0000 11772.0000 4.0000 19392.0000 10392.0000 4.0000
4676.0000 11780.0000 4.0000 4520.0000 10408.0000 4.0000
4676.0000 11780.0000 4.0000 4520.0000 10408.0000 4.0000
5608.0000 11816.0000 4.0000 5440.0000 10440.0000 4.0000
5608.0000 11816.0000 4.0000 5440.0000 10440.0000 4.0000
17908.0000 15720.0000 4.0000 17740.0000 14332.0000 4.0000
13100.0000 4464.0000 4.0000 12936.0000 3096.0000 4.0000
13100.0000 4464.0000 4.0000 12936.0000 3096.0000 4.0000
13980.0000 6036.0000 4.0000 13804.0000 4652.0000 4.0000
13980.0000 6036.0000 4.0000 13804.0000 4652.0000 4.0000
14440.0000 7036.0000 4.0000 14260.0000 5644.0000 4.0000
10496.0000 8468.0000 4.0000 10316.0000 7100.0000 4.0000
10496.0000 8468.0000 4.0000 10316.0000 7100.0000 4.0000
8728.0000 9592.0000 4.0000 8564.0000 8208.0000 4.0000
8728.0000 9592.0000 4.0000 8564.0000 8208.0000 4.0000
14824.0000 9744.0000 4.0000 14652.0000 8376.0000 4.0000
14824.0000 9744.0000 4.0000 14652.0000 8376.0000 4.0000
5844.0000 10324.0000 4.0000 5676.0000 8960.0000 4.0000
14464.0000 10804.0000 4.0000 14280.0000 9440.0000 4.0000
4000.0000 11432.0000 4.0000 3828.0000 10068.0000 4.0000
4000.0000 11432.0000 4.0000 3828.0000 10068.0000 4.0000
19240.0000 11812.0000 4.0000 19080.0000 10432.0000 4.0000
19668.0000 12184.0000 4.0000 19500.0000 10804.0000 4.0000
19668.0000 12184.0000 4.0000 19500.0000 10804.0000 4.0000
16232.0000 12464.0000 4.0000 16060.0000 11092.0000 4.0000
5992.0000 13392.0000 4.0000 5824.0000 12016.0000 4.0000
7020.0000 14612.0000 4.0000 6840.0000 13236.0000 4.0000
9268.0000 6424.0000 4.0000 9092.0000 5048.0000 4.0000
14800.0000 8120.0000 4.0000 14632.0000 6740.0000 4.0000
6620.0000 9052.0000 4.0000 6436.0000 7688.0000 4.0000
14612.0000 9724.0000 4.0000 14452.0000 8348.0000 4.0000
13588.0000 10004.0000 4.0000 13424.0000 8632.0000 4.0000
6712.0000 10016.0000 4.0000 6532.0000 8640.0000 4.0000
6712.0000 10016.0000 4.0000 6532.0000 8640.0000 4.0000
13716.0000 10344.0000 4.0000 13536.0000 8980.0000 4.0000
14012.0000 10604.0000 4.0000 13844.0000 9244.0000 4.0000
14012.0000 10604.0000 4.0000 13844.0000 9244.0000 4.0000
14488.0000 10956.0000 4.0000 14316.0000 9592.0000 4.0000
11792.0000 11056.0000 4.0000 11624.0000 9680.0000 4.0000
19072.0000 11072.0000 4.0000 18908.0000 9680.0000 4.0000
10560.0000 14544.0000 4.0000 10392.0000 13180.0000 4.0000
15464.0000 6076.0000 4.0000 15288.0000 4700.0000 4.0000
7572.0000 8404.0000 4.0000 7404.0000 7028.0000 4.0000
10552.0000 8636.0000 4.0000 10376.0000 7260.0000 4.0000
10552.0000 8636.0000 4.0000 10376.0000 7260.0000 4.0000
6324.0000 9244.0000 4.0000 6148.0000 7864.0000 4.0000
6704.0000 10032.0000 4.0000 6532.0000 8640.0000 4.0000
14508.0000 10304.0000 4.0000 14336.0000 8948.0000 4.0000
14508.0000 10304.0000 4.0000 14336.0000 8948.0000 4.0000
13656.0000 10412.0000 4.0000 13476.0000 9044.0000 4.0000
13724.0000 10424.0000 4.0000 13544.0000 9048.0000 4.0000
13724.0000 10424.0000 4.0000 13544.0000 9048.0000 4.0000
1752.0000 10548.0000 4.0000 1600.0000 9168.0000 4.0000
1752.0000 10548.0000 4.0000 1600.0000 9168.0000 4.0000
14396.0000 10592.0000 4.0000 14220.0000 9224.0000 4.0000
14396.0000 10592.0000 4.0000 14220.0000 9224.0000 4.0000
13736.0000 10852.0000 4.0000 13548.0000 9472.0000 4.0000
13736.0000 10852.0000 4.0000 13548.0000 9472.0000 4.0000
6592.0000 12856.0000 4.0000 6412.0000 11472.0000 4.0000
7020.0000 14604.0000 4.0000 6840.0000 13236.0000 4.0000
15544.0000 17164.0000 4.0000 15380.0000 15800.0000 4.0000
15544.0000 17164.0000 4.0000 15380.0000 15800.0000 4.0000
11364.0000 3480.0000 4.0000 11192.0000 2096.0000 4.0000
11364.0000 3480.0000 4.0000 11192.0000 2096.0000 4.0000
5720.0000 4468.0000 4.0000 5548.0000 3084.0000 4.0000
14044.0000 6000.0000 4.0000 13872.0000 4608.0000 4.0000
14044.0000 6000.0000 4.0000 13872.0000 4608.0000 4.0000
15468.0000 6192.0000 4.0000 15300.0000 4804.0000 4.0000
15468.0000 6192.0000 4.0000 15300.0000 4804.0000 4.0000
7296.0000 6528.0000 4.0000 7144.0000 5160.0000 4.0000
7296.0000 6528.0000 4.0000 7144.0000 5160.0000 4.0000
10608.0000 8636.0000 4.0000 10428.0000 7244.0000 4.0000
14228.0000 10276.0000 4.0000 14068.0000 8916.0000 4.0000
14472.0000 10380.0000 4.0000 14296.0000 9008.0000 4.0000
14472.0000 10380.0000 4.0000 14296.0000 9008.0000 4.0000
5900.0000 11980.0000 4.0000 5728.0000 10600.0000 4.0000
9180.0000 4728.0000 4.0000 9012.0000 3340.0000 4.0000
14308.0000 7100.0000 4.0000 14132.0000 5716.0000 4.0000
10844.0000 8708.0000 4.0000 10672.0000 7328.0000 4.0000
10844.0000 8708.0000 4.0000 10672.0000 7328.0000 4.0000
6300.0000 9200.0000 4.0000 6124.0000 7812.0000 4.0000
13976.0000 9292.0000 4.0000 13804.0000 7904.0000 4.0000
13976.0000 9292.0000 4.0000 13804.0000 7904.0000 4.0000
13692.0000 9904.0000 4.0000 13512.0000 8540.0000 4.0000
13692.0000 9904.0000 4.0000 13512.0000 8540.0000 4.0000
14852.0000 9924.0000 4.0000 14676.0000 8540.0000 4.0000
6864.0000 10200.0000 4.0000 6704.0000 8840.0000 4.0000
6864.0000 10200.0000 4.0000 6704.0000 8840.0000 4.0000
19532.0000 10968.0000 4.0000 19352.0000 9576.0000 4.0000
19532.0000 10968.0000 4.0000 19352.0000 9576.0000 4.0000
12980.0000 12432.0000 4.0000 12800.0000 11056.0000 4.0000
12980.0000 12432.0000 4.0000 12800.0000 11056.0000 4.0000
6740.0000 12696.0000 4.0000 6572.0000 11340.0000 4.0000
18672.0000 14568.0000 4.0000 18500.0000 13200.0000 4.0000
13896.0000 6244.0000 4.0000 13724.0000 4876.0000 4.0000
13896.0000 6244.0000 4.0000 13724.0000 4876.0000 4.0000
15620.0000 6392.0000 4.0000 15460.0000 5012.0000 4.0000
14512.0000 6852.0000 4.0000 14344.0000 5484.0000 4.0000
14520.0000 7636.0000 4.0000 14348.0000 6260.0000 4.0000
14520.0000 7636.0000 4.0000 14348.0000 6260.0000 4.0000
14620.0000 7808.0000 4.0000 14460.0000 6444.0000 4.0000
14620.0000 7808.0000 4.0000 14460.0000 6444.0000 4.0000
14936.0000 8984.0000 4.0000 14772.0000 7596.0000 4.0000
14936.0000 8984.0000 4.0000 14772.0000 7596.0000 4.0000
14764.0000 9784.0000 4.0000 14596.0000 8416.0000 4.0000
6140.0000 10208.0000 4.0000 5972.0000 8816.0000 4.0000
13892.0000 10492.0000 4.0000 13716.0000 9128.0000 4.0000
5728.0000 10504.0000 4.0000 5564.0000 9140.0000 4.0000
14160.0000 10632.0000 4.0000 13984.0000 9256.0000 4.0000
14296.0000 10728.0000 4.0000 14120.0000 9356.0000 4.0000
14296.0000 10728.0000 4.0000 14120.0000 9356.0000 4.0000
13740.0000 10756.0000 4.0000 13560.0000 9388.0000 4.0000
13740.0000 10756.0000 4.0000 13560.0000 9388.0000 4.0000
13780.0000 10848.0000 4.0000 13600.0000 9476.0000 4.0000
17520.0000 15356.0000 4.0000 17364.0000 13980.0000 4.0000
11976.0000 3148.0000 4.0000 11812.0000 1784.0000 4.0000
11976.0000 3148.0000 4.0000 11812.0000 1784.0000 4.0000
14528.0000 7164.0000 4.0000 14360.0000 5784.0000 4.0000
14528.0000 7164.0000 4.0000 14360.0000 5784.0000 4.0000
12188.0000 8616.0000 4.0000 12008.0000 7248.0000 4.0000
11552.0000 9440.0000 4.0000 11376.0000 8048.0000 4.0000
2552.0000 10900.0000 4.0000 2388.0000 9520.0000 4.0000
5548.0000 11920.0000 4.0000 5372.0000 10532.0000 4.0000
13048.0000 12344.0000 4.0000 12892.0000 10968.0000 4.0000
13048.0000 12344.0000 4.0000 12892.0000 10968.0000 4.0000
11204.0000 12720.0000 4.0000 11040.0000 11336.0000 4.0000
9096.0000 14032.0000 4.0000 8916.0000 12648.0000 4.0000
12972.0000 3892.0000 4.0000 12788.0000 2520.0000 4.0000
8596.0000 4092.0000 4.0000 8432.0000 2700.0000 4.0000
8596.0000 4092.0000 4.0000 8432.0000 2700.0000 4.0000
12016.0000 4188.0000 4.0000 11844.0000 2804.0000 4.0000
12476.0000 5152.0000 4.0000 12312.0000 3788.0000 4.0000
12476.0000 5152.0000 4.0000 12312.0000 3788.0000 4.0000
15464.0000 6184.0000 4.0000 15300.0000 4804.0000 4.0000
15464.0000 6184.0000 4.0000 15300.0000 4804.0000 4.0000
13880.0000 6196.0000 4.0000 13708.0000 4824.0000 4.0000
14456.0000 7532.0000 4.0000 14276.0000 6152.0000 4.0000
14456.0000 7532.0000 4.0000 14276.0000 6152.0000 4.0000
3836.0000 8032.0000 4.0000 3680.0000 6668.0000 4.0000
11416.0000 9288.0000 4.0000 11240.0000 7908.0000 4.0000
6440.0000 9468.0000 4.0000 6260.0000 8088.0000 4.0000
6440.0000 9468.0000 4.0000 6260.0000 8088.0000 4.0000
8700.0000 9564.0000 4.0000 8532.0000 8172.0000 4.0000
8700.0000 9564.0000 4.0000 8532.0000 8172.0000 4.0000
14700.0000 10128.0000 4.0000 14528.0000 8752.0000 4.0000
14700.0000 10128.0000 4.0000 14528.0000 8752.0000 4.0000
13920.0000 10352.0000 4.0000 13744.0000 8972.0000 4.0000
14120.0000 10660.0000 4.0000 13940.0000 9292.0000 4.0000
13644.0000 11120.0000 4.0000 13468.0000 9752.0000 4.0000
12980.0000 12680.0000 4.0000 12804.0000 11312.0000 4.0000
19536.0000 14164.0000 4.0000 19364.0000 12780.0000 4.0000
8604.0000 4164.0000 4.0000 8444.0000 2772.0000 4.0000
14112.0000 5108.0000 4.0000 13932.0000 3712.0000 4.0000
14740.0000 9660.0000 4.0000 14564.0000 8280.0000 4.0000
14740.0000 9660.0000 4.0000 14564.0000 8280.0000 4.0000
6728.0000 9696.0000 4.0000 6572.0000 8328.0000 4.0000
6728.0000 9696.0000 4.0000 6572.0000 8328.0000 4.0000
6700.0000 9776.0000 4.0000 6528.0000 8404.0000 4.0000
6700.0000 9776.0000 4.0000 6528.0000 8404.0000 4.0000
2508.0000 9868.0000 4.0000 2352.0000 8484.0000 4.0000
14424.0000 10312.0000 4.0000 14248.0000 8920.0000 4.0000
14424.0000 10312.0000 4.0000 14248.0000 8920.0000 4.0000
13940.0000 10480.0000 4.0000 13756.0000 9100.0000 4.0000
13940.0000 10480.0000 4.0000 13756.0000 9100.0000 4.0000
13944.0000 10580.0000 4.0000 13776.0000 9224.0000 4.0000
13944.0000 10580.0000 4.0000 13776.0000 9224.0000 4.0000
13652.0000 10600.0000 4.0000 13476.0000 9236.0000 4.0000
13652.0000 10600.0000 4.0000 13476.0000 9236.0000 4.0000
13580.0000 10616.0000 4.0000 13412.0000 9260.0000 4.0000
13580.0000 10616.0000 4.0000 13412.0000 9260.0000 4.0000
10864.0000 11504.0000 4.0000 10688.0000 10132.0000 4.0000
10864.0000 11504.0000 4.0000 10688.0000 10132.0000 4.0000
13028.0000 12396.0000 4.0000 12852.0000 11036.0000 4.0000
10712.0000 14448.0000 4.0000 10552.0000 13084.0000 4.0000
8048.0000 14648.0000 4.0000 7860.0000 13280.0000 4.0000
8048.0000 14648.0000 4.0000 7860.0000 13280.0000 4.0000
13944.0000 6236.0000 4.0000 13776.0000 4864.0000 4.0000
13944.0000 6236.0000 4.0000 13776.0000 4864.0000 4.0000
14256.0000 6740.0000 4.0000 14080.0000 5352.0000 4.0000
14256.0000 6740.0000 4.0000 14080.0000 5352.0000 4.0000
14408.0000 7288.0000 4.0000 14236.0000 5916.0000 4.0000
14532.0000 7652.0000 4.0000 14364.0000 6284.0000 4.0000
14532.0000 7652.0000 4.0000 14364.0000 6284.0000 4.0000
7576.0000 8412.0000 4.0000 7404.0000 7028.0000 4.0000
11276.0000 9276.0000 4.0000 11108.0000 7904.0000 4.0000
6152.0000 10348.0000 4.0000 5996.0000 8960.0000 4.0000
6152.0000 10348.0000 4.0000 5996.0000 8960.0000 4.0000
13788.0000 10900.0000 4.0000 13620.0000 9540.0000 4.0000
13788.0000 10900.0000 4.0000 13620.0000 9540.0000 4.0000
13628.0000 11188.0000 4.0000 13448.0000 9820.0000 4.0000
12948.0000 12828.0000 4.0000 12792.0000 11452.0000 4.0000
12948.0000 12828.0000 4.0000 12792.0000 11452.0000 4.0000
